Unique Name	Descriptor	Wide Peak Limits	Peak Limits	Region Limits	q values	Residual q values after removing segments shared with higher peaks	Broad or Focal	Amplitude Threshold	TCGA-A2-A4S1	TCGA-AO-A125	TCGA-AC-A3W5	TCGA-LQ-A4E4	TCGA-A7-A425	TCGA-EW-A1J6	TCGA-E2-A105	TCGA-GM-A5PX	TCGA-LL-A5YM	TCGA-E2-A14W	TCGA-A7-A56D	TCGA-E2-A576	TCGA-OL-A5D6	TCGA-D8-A4Z1	TCGA-OL-A66P	TCGA-LL-A6FP	TCGA-E2-A1LE	TCGA-OL-A66K	TCGA-UL-AAZ6	TCGA-E2-A14S	TCGA-W8-A86G	TCGA-BH-A0DS	TCGA-B6-A40B	TCGA-BH-A42U	TCGA-AC-A3W6	TCGA-AC-A3YJ	TCGA-OL-A66L	TCGA-E2-A2P5	TCGA-E9-A3Q9	TCGA-E9-A5FL	TCGA-AN-A03Y	TCGA-OL-A5D7	TCGA-BH-A0EE	TCGA-E2-A2P6	TCGA-AC-A3TN	TCGA-E2-A14O	TCGA-AO-A1KQ	TCGA-AC-A8OP	TCGA-E2-A572	TCGA-A2-A0CO	TCGA-C8-A131	TCGA-OL-A97C	TCGA-E2-A1IF	TCGA-BH-A42T	TCGA-GM-A2D9	TCGA-V7-A7HQ	TCGA-A2-A04N	TCGA-LL-A6FQ	TCGA-OL-A66J	TCGA-PE-A5DC	TCGA-AC-A3W7	TCGA-LD-A9QF	TCGA-BH-A0E6	TCGA-AC-A62Y	TCGA-S3-AA12	TCGA-AC-A3YI	TCGA-OL-A66H	TCGA-B6-A0I1	TCGA-AC-A3QP	TCGA-LD-A74U	TCGA-AO-A1KP	TCGA-LL-A9Q3	TCGA-S3-AA11	TCGA-XX-A89A	TCGA-A7-A3IY	TCGA-B6-A0IO	TCGA-E9-A54X	TCGA-E2-A14U	TCGA-LL-A7T0	TCGA-E2-A1B4	TCGA-GM-A3NY	TCGA-LL-A50Y	TCGA-D8-A73U	TCGA-AO-A0J3	TCGA-GM-A4E0	TCGA-A8-A09M	TCGA-AC-A5XS	TCGA-AC-A8OS	TCGA-EW-A423	TCGA-OL-A5S0	TCGA-E2-A9RU	TCGA-WT-AB44	TCGA-E2-A56Z	TCGA-BH-A8FY	
Amplification Peak  1	1p34.2  	chr1:40937185-42219062(probes 20405:21247)      	chr1:41369390-41572783(probes 20630:20769)      	chr1:41369390-41576077(probes 20630:20772)      	0.23605	    0.23605		0: t<0.1; 1: 0.1<t< 0.9; 2: t>0.9	1	0	0	1	0	0	0	0	0	1	0	0	0	0	0	0	1	0	2	0	0	0	0	0	0	0	0	0	0	0	0	0	1	0	0	0	0	0	0	0	1	0	0	0	0	0	0	0	0	0	0	0	0	0	0	0	0	1	0	0	0	0	0	2	0	0	0	0	0	0	0	0	0	0	0	0	0	0	1	1	0	0	0	0	
Amplification Peak  2	1q21.2  	chr1:119984739-151437025(probes 68819:69357)  	chr1:150131879-150522686(probes 68921:69013)  	chr1:119984773-155529465(probes 68820:71509)  	0.040883	   0.045099		0: t<0.1; 1: 0.1<t< 0.9; 2: t>0.9	0	2	1	0	2	1	0	2	1	0	1	0	0	0	0	2	0	2	1	0	2	2	1	0	1	1	1	1	1	1	2	1	1	2	1	1	1	1	0	1	1	1	2	1	2	0	0	1	0	0	1	0	2	1	0	1	0	2	0	1	1	2	1	0	0	1	0	0	0	0	2	2	1	1	1	0	1	0	2	1	1	2	1	1	
Amplification Peak  3	1q24.2  	chr1:160517746-176085009(probes 74525:85051)  	chr1:168926276-169012925(probes 80720:80796)  	chr1:168041983-169788074(probes 80027:81376)  	0.066365	   0.073736		0: t<0.1; 1: 0.1<t< 0.9; 2: t>0.9	0	2	1	1	2	0	0	2	2	2	1	0	0	0	0	2	2	2	1	0	2	2	1	0	1	2	1	2	1	1	2	2	1	2	1	1	1	1	1	1	1	1	2	1	2	0	0	1	0	0	1	0	1	1	0	1	0	2	0	1	1	2	1	0	0	1	0	0	0	0	2	2	1	2	1	1	1	0	2	1	1	2	0	2	
Amplification Peak  4	7p13    	chr7:44072031-44103245(probes 702480:702490)    	chr7:44078935-44102543(probes 702481:702489)    	chr7:44078935-44147941(probes 702481:702512)    	0.1275	     0.1275		0: t<0.1; 1: 0.1<t< 0.9; 2: t>0.9	1	2	1	0	1	2	0	0	1	1	2	0	0	0	1	1	2	1	1	0	1	1	0	0	0	0	0	0	0	0	0	1	0	0	0	0	1	1	0	1	1	1	0	0	0	0	0	1	0	0	0	1	0	1	0	0	1	0	0	0	0	1	0	0	0	1	1	0	0	0	0	0	0	1	0	1	0	1	1	1	1	1	1	0	
Amplification Peak  5	8p11.23 	chr8:37230583-38114423(probes 781830:782243)    	chr8:37230733-37321975(probes 781831:781900)    	chr8:34496294-46552442(probes 780493:785100)    	6.8468e-10	 1.5629e-06		0: t<0.1; 1: 0.1<t< 0.9; 2: t>0.9	1	0	0	0	0	1	2	0	0	0	1	1	0	1	0	0	0	0	0	0	1	2	0	0	0	0	0	1	0	0	0	0	0	0	0	1	1	0	0	0	0	0	0	1	1	0	1	0	2	0	0	0	2	0	2	2	0	0	1	0	2	2	0	0	0	0	1	0	2	0	0	0	0	2	0	1	0	0	0	0	2	0	2	0	
Amplification Peak  6	8p11.22 	chr8:39551068-39620261(probes 782845:782882)    	chr8:39552476-39617690(probes 782846:782881)    	chr8:34496294-46552442(probes 780493:785100)    	4.8051e-08	  0.0064277		0: t<0.1; 1: 0.1<t< 0.9; 2: t>0.9	1	0	0	0	0	1	2	0	1	0	1	2	0	1	0	0	0	0	0	2	1	2	0	0	0	0	0	1	0	0	0	1	0	0	0	1	1	0	0	0	0	0	0	1	1	0	2	0	2	0	0	0	2	0	0	2	0	2	1	0	2	2	0	0	0	0	1	1	0	0	0	0	0	2	0	1	0	0	0	0	2	0	0	0	
Amplification Peak  7	8p11.21 	chr8:41192171-46549322(probes 784000:785098)    	chr8:42574795-42681911(probes 784883:784935)    	chr8:34496294-46552442(probes 780493:785100)    	0.0080375	   0.077985		0: t<0.1; 1: 0.1<t< 0.9; 2: t>0.9	1	0	0	0	0	1	0	0	1	0	0	2	0	1	0	0	0	0	0	2	1	2	0	0	0	0	0	1	0	0	2	1	0	0	0	1	1	0	0	1	0	0	0	1	1	2	2	0	1	0	0	0	2	0	0	2	0	2	1	0	2	2	0	1	0	0	1	1	0	0	0	0	0	2	0	1	0	0	0	0	2	0	1	0	
Amplification Peak  8	8q13.1  	chr8:66522927-66562711(probes 796573:796590)    	chr8:66523280-66558479(probes 796574:796589)    	chr8:66523280-66573483(probes 796574:796592)    	0.21962	    0.21962		0: t<0.1; 1: 0.1<t< 0.9; 2: t>0.9	1	0	0	0	0	1	2	0	0	1	0	2	0	0	1	0	0	0	1	2	1	2	0	0	0	0	0	2	0	1	2	2	0	0	0	1	1	1	1	1	2	0	0	1	0	2	2	0	0	0	0	0	0	0	2	1	0	2	1	0	0	1	0	0	0	0	1	1	1	0	0	0	0	1	0	1	0	0	0	2	1	0	1	0	
Amplification Peak  9	8q22.3  	chr8:103010006-103273109(probes 817543:817741)	chr8:103018573-103126495(probes 817544:817642)	chr8:102884635-103602777(probes 817474:817918)	0.10798	    0.20362		0: t<0.1; 1: 0.1<t< 0.9; 2: t>0.9	1	0	1	0	0	1	2	0	2	1	0	2	0	1	1	0	1	0	1	2	1	2	0	0	0	0	0	2	0	1	2	2	1	0	0	1	2	1	0	1	2	0	0	1	0	2	2	0	0	2	0	0	0	0	2	1	0	2	0	0	2	1	0	0	0	0	1	1	2	0	0	0	0	1	0	2	0	0	0	2	2	0	1	0	
Amplification Peak 10	8q24.21 	chr8:127612374-127780549(probes 832386:832527)	chr8:127728723-127750915(probes 832504:832509)	chr8:105783725-133173278(probes 819197:836349)	8.1736e-05	 0.00013674		0: t<0.1; 1: 0.1<t< 0.9; 2: t>0.9	1	0	1	0	0	1	2	0	2	1	0	2	0	1	1	0	2	0	1	2	1	2	1	0	0	0	0	2	0	2	2	2	1	0	0	1	2	1	0	1	2	0	0	0	0	2	2	0	0	2	0	0	0	0	2	1	0	2	1	0	2	1	0	0	0	0	1	1	2	0	0	0	0	1	0	2	0	0	0	2	2	0	1	0	
Amplification Peak 11	10p14   	chr10:8934696-9108058(probes 917935:918069)      	chr10:8981663-9101912(probes 917976:918066)      	chr10:8936097-9122720(probes 917936:918082)      	0.14493	    0.14493		0: t<0.1; 1: 0.1<t< 0.9; 2: t>0.9	0	0	0	0	0	2	0	0	1	0	1	1	0	0	0	0	2	0	1	0	0	1	0	0	0	0	0	1	0	0	0	2	1	0	0	1	0	0	0	0	1	0	0	0	0	0	0	1	0	0	0	0	1	0	0	0	0	0	0	0	0	0	0	0	0	1	0	0	0	0	0	0	0	2	0	0	0	0	1	2	2	0	0	0	
Amplification Peak 12	11q12.2 	chr11:61260252-61803909(probes 1027831:1028060)	chr11:61262512-61397807(probes 1027832:1027883)	chr11:61262512-61556450(probes 1027832:1027957)	0.17456	    0.19614		0: t<0.1; 1: 0.1<t< 0.9; 2: t>0.9	0	0	1	0	0	1	0	0	0	0	0	0	0	0	0	0	0	0	0	0	0	1	0	0	0	0	0	0	0	1	0	1	0	2	0	0	0	0	1	0	0	0	0	0	0	0	0	2	0	0	0	0	0	1	0	0	0	0	0	0	0	0	0	0	0	1	0	0	0	0	0	0	0	1	0	1	0	0	0	0	0	0	0	0	
Amplification Peak 13	11q13.2 	chr11:66801473-66828025(probes 1029823:1029833)	chr11:66803125-66827588(probes 1029824:1029832)	chr11:66073602-72125260(probes 1029548:1032264)	0.0012739	      0.136		0: t<0.1; 1: 0.1<t< 0.9; 2: t>0.9	0	0	1	0	2	1	0	0	0	0	0	1	0	0	0	0	0	0	2	0	0	0	1	0	0	0	0	0	0	1	0	1	0	0	0	2	0	0	1	0	0	0	0	0	0	0	0	2	0	1	0	0	0	1	0	0	0	0	0	0	0	0	0	2	0	1	0	0	2	0	0	0	0	0	0	1	0	0	1	0	2	1	0	0	
Amplification Peak 14	11q13.3 	chr11:69472726-69754649(probes 1030875:1031043)	chr11:69598493-69688160(probes 1030960:1030999)	chr11:66073602-72125260(probes 1029548:1032264)	3.5383e-24	 6.1492e-23		0: t<0.1; 1: 0.1<t< 0.9; 2: t>0.9	0	0	1	0	2	1	2	0	0	1	0	1	0	0	0	0	0	0	2	2	0	0	2	1	0	0	0	1	0	1	2	1	0	2	0	2	0	0	2	0	1	0	0	2	1	0	0	2	2	2	0	0	0	1	0	0	0	0	0	0	0	0	0	2	0	1	0	0	2	0	0	0	0	2	0	1	0	0	2	0	2	1	2	0	
Amplification Peak 15	11q13.4 	chr11:72664283-72892318(probes 1032512:1032601)	chr11:72666571-72706739(probes 1032513:1032529)	chr11:72127490-79595296(probes 1032268:1036491)	1.1164e-06	  0.0013965		0: t<0.1; 1: 0.1<t< 0.9; 2: t>0.9	0	0	1	0	0	1	0	0	0	0	0	0	0	0	0	0	0	0	1	2	0	0	1	0	0	0	0	0	0	0	2	1	0	2	0	0	0	0	0	0	0	0	0	1	1	0	0	0	2	2	0	0	0	1	0	0	0	2	0	0	0	0	0	0	0	1	0	0	0	0	0	0	0	0	0	1	0	0	2	0	2	0	1	0	
Amplification Peak 16	11q13.4 	chr11:75388591-75509016(probes 1033921:1033988)	chr11:75392445-75464847(probes 1033922:1033963)	chr11:72127490-79595296(probes 1032268:1036491)	1.3906e-05	   0.043632		0: t<0.1; 1: 0.1<t< 0.9; 2: t>0.9	0	0	1	0	0	2	2	0	0	0	0	0	0	0	0	0	1	0	1	2	0	0	0	0	0	0	0	0	0	0	2	1	0	2	0	0	0	0	0	0	0	0	0	0	0	0	0	2	0	2	0	0	0	1	0	0	0	0	0	0	0	0	0	0	0	1	0	0	0	0	0	0	0	0	0	1	0	0	2	0	2	0	1	0	
Amplification Peak 17	11q14.1 	chr11:77613150-77931155(probes 1035122:1035268)	chr11:77681828-77929800(probes 1035157:1035267)	chr11:72127490-79595296(probes 1032268:1036491)	1.2821e-05	  0.0080375		0: t<0.1; 1: 0.1<t< 0.9; 2: t>0.9	0	0	1	0	0	1	0	0	0	0	0	0	0	0	0	0	0	0	1	2	0	0	1	0	0	0	0	0	0	0	2	1	0	2	0	0	0	0	0	0	0	0	0	0	1	0	0	2	0	1	0	0	0	1	0	0	0	0	0	0	0	0	0	2	0	1	0	0	0	0	0	0	0	0	0	1	0	0	0	0	2	0	0	1	
Amplification Peak 18	11q14.1 	chr11:80904624-81443098(probes 1037455:1037824)	chr11:81217767-81440858(probes 1037686:1037823)	chr11:81032187-81446306(probes 1037547:1037826)	0.14493	    0.21633		0: t<0.1; 1: 0.1<t< 0.9; 2: t>0.9	0	0	1	0	2	1	0	0	0	0	0	0	0	0	0	0	0	0	1	0	0	0	0	0	0	0	0	0	0	0	0	1	0	0	0	0	0	0	0	0	0	0	0	0	1	0	0	0	0	0	0	0	0	1	0	0	0	0	0	0	0	0	0	2	0	1	0	0	0	0	0	0	0	0	0	0	0	0	0	0	2	0	0	2	
Amplification Peak 19	12q14.1 	chr12:57592942-57783508(probes 1102346:1102431)	chr12:57714587-57779682(probes 1102394:1102430)	chr12:57593427-57796938(probes 1102347:1102433)	0.14959	    0.14959		0: t<0.1; 1: 0.1<t< 0.9; 2: t>0.9	0	0	1	0	1	1	0	0	0	2	1	0	0	0	1	1	0	0	1	0	0	0	0	0	0	0	0	1	0	0	1	0	0	0	0	1	1	0	0	0	0	0	0	0	2	0	0	1	0	0	1	0	0	0	0	0	0	0	0	0	0	0	0	0	0	0	0	0	1	0	0	0	0	0	0	1	0	0	0	0	2	0	1	0	
Amplification Peak 20	14q12   	chr14:31718705-33651253(probes 1210933:1212461)	chr14:32489774-32658819(probes 1211447:1211572)	chr14:32074904-32757465(probes 1211163:1211645)	0.17691	    0.17691		0: t<0.1; 1: 0.1<t< 0.9; 2: t>0.9	0	0	0	0	0	0	0	0	1	0	1	0	0	0	0	0	0	0	2	0	0	1	0	0	0	0	0	1	0	0	0	0	1	0	0	0	0	0	0	0	0	1	0	0	0	0	0	1	0	1	0	0	0	1	0	0	0	0	0	0	0	0	0	0	0	0	0	0	0	0	0	0	0	1	0	1	0	0	2	0	2	1	1	0	
Amplification Peak 21	17q11.2 	chr17:28874043-29688371(probes 1353004:1353384)	chr17:29591524-29604993(probes 1353349:1353351)	chr17:27430464-29907635(probes 1352327:1353474)	0.0060332	   0.012022		0: t<0.1; 1: 0.1<t< 0.9; 2: t>0.9	0	0	1	0	0	1	1	0	1	0	2	1	0	0	1	0	2	1	2	0	0	0	0	0	0	0	0	0	0	1	0	0	0	0	0	1	1	1	0	0	0	0	0	0	0	0	0	0	0	0	0	2	0	0	0	0	0	1	0	0	0	0	0	0	0	1	0	0	1	0	0	0	0	0	0	1	0	0	1	1	0	0	1	0	
Amplification Peak 22	17q12   	chr17:39532847-39549842(probes 1357711:1357720)	chr17:39533256-39547963(probes 1357712:1357719)	chr17:39186595-40475060(probes 1357574:1358134)	1.1432e-07	 1.9207e-07		0: t<0.1; 1: 0.1<t< 0.9; 2: t>0.9	0	0	2	0	0	1	1	0	1	1	2	1	0	0	0	0	2	1	2	0	0	0	0	0	0	0	0	0	0	1	0	0	2	0	0	1	1	0	0	0	0	0	0	1	0	0	0	0	0	0	0	2	0	0	0	1	0	1	0	0	0	0	0	0	0	0	0	0	1	0	0	0	0	0	0	1	0	0	1	2	0	0	1	0	
Amplification Peak 23	17q21.33	chr17:49523721-50011325(probes 1361937:1362145)	chr17:49525278-49552920(probes 1361938:1361944)	chr17:49307055-50503153(probes 1361803:1362426)	0.071242	   0.071242		0: t<0.1; 1: 0.1<t< 0.9; 2: t>0.9	0	0	0	0	0	1	2	0	1	1	0	0	0	0	0	0	0	1	0	0	0	0	0	0	0	0	0	0	0	1	0	0	2	0	0	1	1	2	0	0	0	0	0	1	0	0	0	0	0	0	0	2	0	0	0	0	0	0	0	0	1	0	0	0	0	1	0	0	1	0	0	0	0	2	0	2	0	0	1	0	1	0	1	0	
Amplification Peak 24	17q23.1 	chr17:59215466-60419776(probes 1367762:1368309)	chr17:59430243-59723026(probes 1367876:1368014)	chr17:56841480-62938847(probes 1366392:1369539)	0.00080183	  0.0023738		0: t<0.1; 1: 0.1<t< 0.9; 2: t>0.9	0	0	0	1	0	1	2	0	1	2	2	0	0	0	1	0	0	1	2	0	0	0	0	0	0	0	0	0	0	1	0	0	1	0	0	1	1	2	0	0	0	0	0	1	0	0	0	0	0	0	0	0	0	0	0	0	0	0	0	0	0	0	0	0	0	1	0	0	1	0	0	0	0	2	0	2	0	0	1	0	0	0	1	0	
Amplification Peak 25	17q23.3 	chr17:63959668-63975017(probes 1369967:1369975)	chr17:63959921-63971983(probes 1369968:1369974)	chr17:63039768-65378332(probes 1369578:1370746)	0.018504	    0.10762		0: t<0.1; 1: 0.1<t< 0.9; 2: t>0.9	1	0	0	0	0	1	2	0	1	2	2	0	0	0	1	0	0	1	1	0	0	0	0	0	0	0	0	0	0	1	0	0	2	0	0	1	1	2	0	0	0	0	0	0	0	0	0	0	0	0	0	0	0	0	0	0	0	0	0	0	0	1	0	0	0	1	0	0	1	0	0	0	0	2	0	2	0	0	1	0	0	0	1	0	
Amplification Peak 26	17q25.1 	chr17:75851719-75884173(probes 1376983:1376985)	chr17:75852942-75882547(probes 1376984:1376984)	chr17:75274826-76504249(probes 1376747:1377242)	0.014291	   0.028541		0: t<0.1; 1: 0.1<t< 0.9; 2: t>0.9	2	0	0	1	0	1	2	0	2	2	0	1	0	0	1	0	0	1	1	0	0	0	0	0	0	0	0	0	0	1	0	1	2	0	0	1	2	2	0	0	0	0	0	0	0	0	0	0	0	0	0	0	0	0	0	0	1	0	0	0	1	1	0	0	0	0	1	0	1	0	0	0	0	0	0	2	0	0	1	0	1	0	1	0	
Amplification Peak 27	19q12   	chr19:29240050-29840677(probes 1433740:1434234)	chr19:29684643-29731959(probes 1434100:1434126)	chr19:27854071-31168926(probes 1432627:1435165)	0.0020561	   0.033226		0: t<0.1; 1: 0.1<t< 0.9; 2: t>0.9	0	0	1	0	0	1	0	0	0	0	1	0	0	0	0	0	0	0	2	0	1	0	1	0	0	0	0	0	0	1	1	2	0	0	0	0	0	0	0	1	0	1	0	0	0	0	0	1	0	0	0	0	0	1	2	0	0	1	0	0	0	1	0	0	0	1	0	0	0	0	0	0	0	0	0	1	0	1	1	2	2	0	0	0	
Amplification Peak 28	19q12   	chr19:30738503-30807135(probes 1434845:1434888)	chr19:30738733-30797210(probes 1434846:1434878)	chr19:27854071-31168926(probes 1432627:1435165)	0.0052205	   0.092024		0: t<0.1; 1: 0.1<t< 0.9; 2: t>0.9	0	0	1	0	0	1	0	0	0	0	0	0	0	0	0	0	0	0	2	0	1	0	1	0	0	0	0	0	0	1	1	2	0	0	0	0	0	0	0	1	0	1	0	0	0	0	0	1	0	0	0	0	0	1	2	0	0	1	0	0	0	1	0	0	0	1	0	0	0	0	0	0	0	0	0	0	0	1	1	2	2	0	0	0	
Amplification Peak 29	20q13.2 	chr20:53547099-54666853(probes 1478753:1479604)	chr20:53953691-54163653(probes 1479019:1479221)	chr20:53547195-55145438(probes 1478754:1479990)	0.033546	   0.033546		0: t<0.1; 1: 0.1<t< 0.9; 2: t>0.9	0	0	1	0	1	2	2	0	1	0	2	1	0	0	1	2	0	0	2	2	1	0	1	0	0	0	0	0	0	1	1	0	1	0	0	1	2	1	0	1	1	2	0	0	0	0	0	1	0	1	0	0	1	1	0	0	0	1	0	0	1	0	0	0	0	1	0	0	1	0	0	0	0	0	0	2	1	0	1	1	1	0	1	0	
Deletion Peak  1	1p36.32 	chr1:1-48183817(probes 1:24485)                      	chr1:1-3302045(probes 1:1)                            	chr1:1-35906266(probes 1:17688)                      	1.9025e-06	  0.0022269		0: t>-0.1; 1: -0.1>t> -1.3; 2: t< -1.3	0	0	0	1	0	1	0	0	1	0	1	1	0	0	0	1	0	1	0	0	0	0	1	0	0	0	0	1	0	0	1	0	0	0	0	1	1	1	1	0	1	1	0	1	0	0	0	0	1	1	0	0	1	0	0	0	0	1	0	0	1	1	0	1	0	1	0	0	0	0	0	0	1	1	1	1	1	0	1	1	1	1	0	0	
Deletion Peak  2	1p36.11 	chr1:25419577-25960071(probes 12415:12663)          	chr1:25791903-25911582(probes 12573:12628)          	chr1:1-35906266(probes 1:17688)                      	1.3526e-06	 2.7103e-05		0: t>-0.1; 1: -0.1>t> -1.3; 2: t< -1.3	0	0	1	1	0	1	0	0	1	0	1	1	0	0	0	1	0	1	1	0	0	0	1	0	0	0	0	1	0	0	1	0	0	1	0	1	1	1	1	0	1	0	0	1	0	0	0	0	1	1	0	1	1	0	0	0	0	1	0	0	1	0	0	1	0	1	0	0	1	0	1	0	1	1	1	1	1	0	1	1	0	1	0	0	
Deletion Peak  3	1p22.1  	chr1:81512556-115926769(probes 45340:66322)        	chr1:91679171-91907379(probes 51980:52092)          	chr1:91483784-93487911(probes 51827:52818)          	0.062224	   0.062224		0: t>-0.1; 1: -0.1>t> -1.3; 2: t< -1.3	1	0	0	0	0	1	0	0	1	0	1	1	0	0	0	1	0	1	1	0	0	0	1	0	0	0	0	1	0	1	1	1	0	0	0	1	1	1	1	1	1	0	0	1	0	0	0	0	0	0	0	0	0	0	0	0	0	0	0	0	1	1	0	1	0	1	0	0	0	0	1	0	1	1	0	0	0	0	0	0	0	1	1	0	
Deletion Peak  4	2q37.3  	chr2:232169786-242193529(probes 258694:264464)    	chr2:237365501-241359394(probes 262141:264357)    	chr2:232328859-242193529(probes 258766:264464)    	0.0077203	  0.0077203		0: t>-0.1; 1: -0.1>t> -1.3; 2: t< -1.3	0	0	1	0	0	1	0	0	0	0	1	0	0	0	0	0	0	0	1	0	0	0	0	0	0	0	0	1	0	1	1	1	1	0	0	1	1	0	1	0	0	0	0	0	0	0	0	0	0	1	0	0	1	0	0	0	0	1	0	0	0	0	0	1	0	0	0	0	1	0	0	0	0	1	1	1	0	0	1	1	0	0	0	0	
Deletion Peak  5	3p22.1  	chr3:17154445-87279214(probes 273867:314745)        	chr3:42488452-42540187(probes 288938:288968)        	chr3:42497023-42546159(probes 288941:288972)        	0.092372	    0.09189		0: t>-0.1; 1: -0.1>t> -1.3; 2: t< -1.3	1	0	1	0	0	1	0	0	0	1	1	1	0	0	0	0	1	1	1	0	0	0	0	0	0	0	0	0	0	1	0	0	0	0	0	0	1	0	1	0	0	0	0	1	0	0	0	0	0	1	0	0	0	0	0	0	0	0	0	0	0	1	1	1	1	0	0	0	1	0	1	0	0	1	0	1	1	0	1	1	1	0	1	0	
Deletion Peak  6	4q35.2  	chr4:1-190214555(probes 372523:476996)              	chr4:186264232-186295233(probes 476066:476099)    	chr4:186279438-186280056(probes 476083:476084)    	0.24533	    0.24343		0: t>-0.1; 1: -0.1>t> -1.3; 2: t< -1.3	0	0	0	0	0	0	0	0	1	0	1	0	0	0	0	0	0	1	1	0	0	0	1	0	0	0	0	0	0	0	0	1	0	0	0	1	0	0	0	0	0	0	0	0	0	0	0	0	0	0	0	0	1	1	0	0	0	1	0	0	0	0	0	0	0	1	0	0	0	0	0	0	1	0	0	0	1	0	0	1	0	1	0	0	
Deletion Peak  7	6q16.2  	chr6:72215158-113652193(probes 619292:642936)      	chr6:99914150-100082811(probes 634734:634811)      	chr6:77391661-112853062(probes 622327:642397)      	0.0062004	  0.0084464		0: t>-0.1; 1: -0.1>t> -1.3; 2: t< -1.3	0	0	1	0	0	1	0	0	1	0	0	0	0	0	0	0	1	0	0	1	0	1	0	0	0	0	1	0	0	0	0	0	0	1	0	0	1	1	1	0	1	0	0	0	0	1	0	0	0	1	0	1	0	0	1	0	0	0	0	0	1	1	0	0	1	0	0	0	0	0	0	0	0	1	0	1	1	0	0	0	1	0	0	0	
Deletion Peak  8	6q22.1  	chr6:102069225-128884476(probes 635941:651316)    	chr6:116037296-116132897(probes 644239:644278)    	chr6:115988404-116322937(probes 644212:644383)    	0.11901	    0.17703		0: t>-0.1; 1: -0.1>t> -1.3; 2: t< -1.3	0	0	1	0	0	1	0	0	1	1	0	0	0	0	0	0	0	0	0	1	0	0	0	0	0	0	1	0	0	0	0	1	0	1	0	0	0	1	1	0	1	0	0	0	0	1	0	0	0	1	0	1	0	0	1	0	0	0	0	0	0	1	0	0	1	0	0	0	0	0	0	0	0	1	0	0	1	0	0	0	1	0	0	0	
Deletion Peak  9	6q23.3  	chr6:1-170805979(probes 578903:677023)              	chr6:135848539-136198276(probes 656129:656417)    	chr6:136022125-136024657(probes 656274:656275)    	0.18874	    0.24343		0: t>-0.1; 1: -0.1>t> -1.3; 2: t< -1.3	0	0	1	0	0	1	0	0	1	0	0	0	0	0	0	0	1	0	0	0	0	0	0	0	0	0	1	0	0	0	0	1	0	1	0	0	0	1	1	0	0	0	0	0	0	0	0	0	0	1	0	1	0	1	1	0	0	0	0	0	0	0	0	0	0	0	0	0	0	0	0	0	0	1	0	0	0	0	0	1	1	0	0	0	
Deletion Peak 10	6q25.3  	chr6:138158106-170805979(probes 657686:677023)    	chr6:155255198-155320028(probes 668575:668620)    	chr6:155288617-155291877(probes 668598:668599)    	0.067277	    0.09189		0: t>-0.1; 1: -0.1>t> -1.3; 2: t< -1.3	1	0	1	0	0	0	0	0	1	0	0	0	1	0	0	0	1	0	0	0	0	0	0	0	0	0	1	0	0	0	0	1	0	0	0	0	0	1	1	0	0	0	0	0	0	0	0	0	0	1	0	1	0	0	1	0	0	0	0	0	0	0	0	0	0	0	0	0	0	0	0	0	0	1	0	0	1	0	0	1	0	0	0	0	
Deletion Peak 11	8p23.2  	chr8:2166023-6404670(probes 760521:762461)            	chr8:2926897-4996752(probes 760557:762059)            	chr8:1-8399570(probes 759723:763024)                   	2.3154e-05	  2.345e-05		0: t>-0.1; 1: -0.1>t> -1.3; 2: t< -1.3	0	0	1	0	0	1	1	0	1	1	1	1	0	1	1	0	1	0	1	1	0	0	0	0	0	0	0	1	0	0	1	1	1	0	1	0	1	1	0	1	1	0	1	0	1	1	1	1	1	1	0	0	1	0	1	1	0	1	1	0	1	1	0	1	0	0	0	1	1	0	0	1	1	1	0	1	0	0	0	1	1	1	1	0	
Deletion Peak 12	8p21.1  	chr8:27991975-28319570(probes 776375:776646)        	chr8:28088768-28198450(probes 776461:776528)        	chr8:28041178-28241305(probes 776423:776566)        	0.0040914	  0.0040914		0: t>-0.1; 1: -0.1>t> -1.3; 2: t< -1.3	0	0	1	0	0	1	1	0	1	1	1	1	0	1	1	0	1	0	1	1	0	0	0	0	0	0	0	1	0	1	1	1	1	0	1	0	0	1	0	1	1	0	1	1	1	0	1	0	1	1	0	0	1	0	1	0	1	1	1	0	1	1	0	1	0	0	0	1	1	0	0	1	1	1	0	1	0	0	0	1	1	1	0	0	
Deletion Peak 13	9p23    	chr9:7799607-10619051(probes 846959:848667)          	chr9:8310705-10619051(probes 847291:848667)          	chr9:9222893-9225462(probes 847980:847981)            	0.077272	    0.07333		0: t>-0.1; 1: -0.1>t> -1.3; 2: t< -1.3	1	0	0	0	0	1	0	0	0	1	0	0	1	0	1	0	1	0	0	0	0	0	0	0	0	0	0	0	0	1	1	0	0	0	0	1	1	1	0	0	1	0	0	1	0	0	0	1	0	1	0	0	1	0	0	0	0	0	0	0	0	0	0	0	0	1	1	0	1	0	0	0	0	1	0	1	0	0	1	0	0	0	1	0	
Deletion Peak 14	9p22.3  	chr9:14718857-15006535(probes 850732:850942)        	chr9:14731527-14911083(probes 850749:850917)        	chr9:14830273-14833402(probes 850834:850835)        	0.20227	     0.2245		0: t>-0.1; 1: -0.1>t> -1.3; 2: t< -1.3	1	0	0	0	0	1	0	0	0	1	0	0	1	0	1	0	1	0	0	0	0	0	0	0	0	0	0	0	0	1	1	0	0	0	0	1	1	1	0	0	1	0	0	1	0	0	0	1	0	1	0	1	1	0	0	0	0	0	0	0	0	0	0	0	0	1	1	0	1	0	0	0	0	1	0	1	0	0	1	0	0	0	1	0	
Deletion Peak 15	9p21.3  	chr9:21555228-22448738(probes 856200:856738)        	chr9:21959053-21997723(probes 856419:856432)        	chr9:21235195-27398545(probes 855965:859820)        	1.6047e-05	 1.8603e-05		0: t>-0.1; 1: -0.1>t> -1.3; 2: t< -1.3	1	0	0	0	0	1	0	0	0	1	0	0	1	0	1	0	1	0	0	0	0	0	0	0	0	0	0	0	0	1	1	0	0	0	0	1	1	1	0	0	1	1	0	1	0	0	0	1	0	1	0	1	1	0	0	0	1	0	0	0	0	0	0	0	0	1	1	0	1	0	0	0	0	1	0	1	0	0	1	0	0	0	1	0	
Deletion Peak 16	10q23.31	chr10:85593973-100526765(probes 963659:972683)    	chr10:87817455-88993486(probes 964831:965722)      	chr10:86922799-100510564(probes 964530:972677)    	0.015432	   0.034442		0: t>-0.1; 1: -0.1>t> -1.3; 2: t< -1.3	1	0	0	0	0	1	0	0	1	0	1	1	0	0	1	1	0	0	0	0	0	0	0	0	0	0	0	0	0	0	0	0	0	0	0	0	0	0	0	0	0	0	0	0	0	0	0	0	0	0	0	0	0	1	0	0	0	1	0	0	0	1	1	0	0	1	0	0	0	0	0	0	0	0	0	1	0	0	0	0	0	0	1	0	
Deletion Peak 17	10q25.1 	chr10:89592540-133797422(probes 966157:993965)    	chr10:107865970-111083326(probes 977189:979058)  	chr10:101589914-114057615(probes 973266:981274)  	0.036236	    0.11474		0: t>-0.1; 1: -0.1>t> -1.3; 2: t< -1.3	1	0	0	1	0	1	0	0	1	1	1	0	0	0	0	1	0	0	0	0	0	0	0	0	0	0	0	0	0	0	0	0	1	0	0	0	1	0	1	0	0	0	0	0	0	0	0	0	0	1	0	0	0	1	0	0	0	1	0	0	0	0	0	0	0	1	0	0	0	0	1	0	0	0	0	1	0	0	0	0	0	0	1	0	
Deletion Peak 18	11p15.5 	chr11:1-534241(probes 993966:993985)                   	chr11:1-516519(probes 993966:993984)                   	chr11:1-549958(probes 993966:993987)                   	0.15523	    0.15523		0: t>-0.1; 1: -0.1>t> -1.3; 2: t< -1.3	1	0	1	1	0	0	0	0	1	0	1	0	1	0	0	0	1	1	1	0	0	0	0	0	0	0	0	0	0	0	0	0	1	0	0	0	0	0	1	1	0	0	0	1	0	0	0	1	0	1	0	0	0	0	0	0	0	0	0	0	0	0	0	0	0	1	0	0	1	0	0	0	0	0	0	1	0	0	0	1	1	0	0	0	
Deletion Peak 19	11q12.2 	chr11:50101779-61301885(probes 1024945:1027850)    	chr11:60455533-60547517(probes 1027377:1027418)    	chr11:56244857-61564159(probes 1024946:1027961)    	0.0094273	   0.041651		0: t>-0.1; 1: -0.1>t> -1.3; 2: t< -1.3	1	0	0	1	0	0	1	0	1	0	0	1	1	0	0	0	0	1	0	0	0	0	1	0	0	0	0	0	0	0	1	0	1	1	0	1	0	0	1	1	0	0	0	1	0	0	0	0	1	1	0	0	1	0	0	0	0	0	0	0	0	0	0	0	0	0	0	0	1	0	0	0	0	0	0	0	0	0	1	1	1	0	0	1	
Deletion Peak 20	11q13.1 	chr11:12160914-69500286(probes 1000963:1030882)    	chr11:64817516-65903038(probes 1029463:1029467)    	chr11:62547075-65906791(probes 1028488:1029470)    	0.036474	    0.19321		0: t>-0.1; 1: -0.1>t> -1.3; 2: t< -1.3	1	0	0	1	0	0	1	0	1	0	0	1	1	0	0	0	0	1	0	0	0	0	1	0	0	0	0	0	0	0	1	0	1	1	0	1	0	0	1	1	0	0	0	1	0	0	0	0	1	0	0	0	1	0	0	0	0	0	0	0	0	0	0	1	0	0	0	0	1	0	0	0	0	1	0	0	0	0	1	1	0	0	0	1	
Deletion Peak 21	11q23.3 	chr11:99552405-130320725(probes 1048873:1069809)  	chr11:116634960-116857408(probes 1060015:1060171)	chr11:100019658-135086622(probes 1049238:1072294)	9.0458e-05	  0.0045438		0: t>-0.1; 1: -0.1>t> -1.3; 2: t< -1.3	1	0	1	1	0	1	1	0	1	0	1	1	0	0	1	1	0	1	1	1	0	0	1	0	0	0	0	1	0	1	1	1	0	1	0	1	1	1	1	1	0	0	0	1	1	0	0	1	1	1	0	0	0	0	1	1	0	0	0	0	0	0	0	1	0	0	0	0	1	0	0	0	0	1	0	1	0	0	1	1	1	0	1	1	
Deletion Peak 22	11q25   	chr11:133844778-135086622(probes 1072163:1072294)	chr11:134245688-135086622(probes 1072281:1072294)	chr11:100019658-135086622(probes 1049238:1072294)	2.7596e-05	  0.0014345		0: t>-0.1; 1: -0.1>t> -1.3; 2: t< -1.3	1	0	1	1	0	0	1	0	1	1	1	1	0	0	0	0	0	1	1	0	0	0	1	0	0	0	0	1	0	1	1	1	1	1	0	1	1	0	1	1	0	0	0	1	1	0	0	1	1	1	0	0	0	0	1	0	0	0	0	0	0	0	0	1	0	0	0	0	1	0	0	0	0	1	0	1	0	0	1	1	1	0	1	1	
Deletion Peak 23	12p11.22	chr12:1-133275309(probes 1072295:1147361)           	chr12:29385322-29466767(probes 1089605:1089629)    	chr12:29412605-29417609(probes 1089618:1089619)    	0.25504	    0.24625		0: t>-0.1; 1: -0.1>t> -1.3; 2: t< -1.3	1	0	0	0	0	0	0	0	1	0	0	0	0	0	0	0	0	1	0	0	0	0	0	0	0	0	0	0	0	1	0	0	1	0	0	0	0	0	0	0	1	0	0	0	0	0	0	0	0	0	1	0	1	0	0	0	0	1	0	0	0	0	0	0	0	0	0	0	0	0	0	0	0	0	0	0	0	0	0	0	0	0	0	0	
Deletion Peak 24	12q23.1 	chr12:82682953-133275309(probes 1118047:1147361)  	chr12:100064629-100150050(probes 1128792:1128819)	chr12:100081262-100150050(probes 1128798:1128819)	0.036236	   0.034726		0: t>-0.1; 1: -0.1>t> -1.3; 2: t< -1.3	1	0	1	0	0	0	0	0	1	0	0	0	0	0	0	1	0	1	0	0	1	0	0	0	0	0	0	1	0	0	0	1	1	0	0	0	1	0	0	0	1	0	0	0	1	0	0	0	0	0	1	0	0	0	0	0	0	0	0	1	0	0	0	0	0	0	0	0	0	0	1	0	0	0	0	0	0	0	1	1	1	0	0	0	
Deletion Peak 25	13q11   	chr13:1-19009522(probes 1147362:1147439)           	chr13:1-18938816(probes 1147362:1147392)           	chr13:1-19533596(probes 1147362:1147720)           	0.0028724	   0.016432		0: t>-0.1; 1: -0.1>t> -1.3; 2: t< -1.3	1	0	1	1	0	1	0	0	0	0	0	1	0	0	0	1	0	1	1	1	0	0	0	0	1	0	0	1	0	1	0	1	1	0	0	1	1	0	1	1	0	0	0	0	0	0	0	0	0	1	0	0	0	1	0	0	0	1	0	1	0	0	0	1	0	0	0	0	1	0	0	0	0	1	0	1	0	0	0	1	0	0	0	1	
Deletion Peak 26	13q12.12	chr13:1-38350733(probes 1147362:1159795)           	chr13:24160004-24163081(probes 1150008:1150009)    	chr13:22171964-24684705(probes 1148938:1150241)    	0.026396	    0.16586		0: t>-0.1; 1: -0.1>t> -1.3; 2: t< -1.3	1	0	1	1	0	1	0	0	0	1	0	1	0	0	0	1	0	0	1	1	0	0	0	0	1	0	0	1	0	0	0	1	1	0	0	1	1	0	0	1	0	0	0	0	0	0	0	0	0	0	0	0	0	1	0	0	0	1	0	1	0	0	0	1	0	0	0	0	1	0	0	0	0	1	0	1	0	0	0	1	0	0	1	1	
Deletion Peak 27	13q14.2 	chr13:33965855-59779246(probes 1156833:1171638)    	chr13:49493111-49692065(probes 1167110:1167222)    	chr13:34004197-59753792(probes 1156859:1171623)    	0.0040882	  0.0040914		0: t>-0.1; 1: -0.1>t> -1.3; 2: t< -1.3	1	0	1	1	0	0	0	1	1	1	0	1	0	0	0	1	0	1	1	0	0	0	0	0	1	0	0	1	0	0	0	1	1	0	0	1	1	1	0	1	0	0	0	0	0	1	0	0	0	1	0	0	1	1	0	0	0	1	0	1	0	0	0	1	0	0	0	0	1	0	0	0	0	1	0	1	0	0	0	1	0	0	1	1	
Deletion Peak 28	14q24.2 	chr14:58114361-107043718(probes 1226173:1255325)  	chr14:70357138-70425996(probes 1233468:1233491)    	chr14:70384219-70386285(probes 1233480:1233481)    	0.17843	    0.17703		0: t>-0.1; 1: -0.1>t> -1.3; 2: t< -1.3	1	0	1	0	0	1	0	1	0	1	0	0	0	0	0	0	1	1	1	0	0	0	0	0	0	0	0	0	0	0	0	1	0	0	0	0	1	1	0	0	0	0	0	1	0	0	0	0	0	1	0	0	1	0	0	0	0	1	0	0	0	0	0	1	0	1	0	0	1	0	0	0	0	0	0	1	0	0	1	1	1	0	1	0	
Deletion Peak 29	15q13.1 	chr15:1-71120373(probes 1255326:1282922)           	chr15:27853979-30842698(probes 1258071:1258087)    	chr15:26533321-44290721(probes 1257145:1265757)    	0.0051942	    0.17703		0: t>-0.1; 1: -0.1>t> -1.3; 2: t< -1.3	0	0	0	0	0	1	0	0	0	1	1	1	0	0	0	1	0	1	1	0	1	0	0	0	0	0	0	1	0	1	0	1	0	0	0	1	1	1	0	0	0	1	1	0	0	0	0	1	0	0	0	0	1	0	0	0	0	1	0	0	0	0	0	0	0	0	0	0	0	0	0	0	1	0	0	1	0	0	1	1	0	1	0	0	
Deletion Peak 30	15q14   	chr15:30988094-44290687(probes 1258176:1265756)    	chr15:39244914-40475539(probes 1263312:1264037)    	chr15:26533321-44290721(probes 1257145:1265757)    	0.0010835	   0.019575		0: t>-0.1; 1: -0.1>t> -1.3; 2: t< -1.3	0	0	0	0	0	1	0	0	0	1	1	1	0	0	0	1	0	1	1	0	1	0	0	0	0	0	0	1	0	1	0	1	0	0	0	1	1	1	0	0	0	1	1	1	0	0	0	0	0	0	0	0	1	0	1	0	0	1	0	0	0	0	0	0	0	1	0	0	0	0	0	0	1	0	0	1	0	0	1	1	0	1	0	0	
Deletion Peak 31	15q24.2 	chr15:55825978-101991189(probes 1272939:1300573)  	chr15:76174120-76186029(probes 1285555:1285562)    	chr15:76112119-76213564(probes 1285515:1285587)    	0.1842	    0.19321		0: t>-0.1; 1: -0.1>t> -1.3; 2: t< -1.3	1	0	1	0	0	0	0	0	0	0	1	1	0	0	0	1	1	1	0	0	0	0	0	0	0	0	0	1	0	1	0	1	0	0	0	1	1	1	0	0	0	0	1	0	0	0	0	0	0	0	0	0	1	0	0	0	0	0	0	1	0	0	0	0	0	1	0	0	1	0	0	0	1	0	0	0	0	0	0	0	0	1	0	0	
Deletion Peak 32	17q21.2 	chr17:21774058-46764264(probes 1352128:1360527)    	chr17:41436286-41441930(probes 1358655:1358665)    	chr17:41438428-41441268(probes 1358661:1358662)    	0.19846	    0.19993		0: t>-0.1; 1: -0.1>t> -1.3; 2: t< -1.3	1	0	0	1	0	0	0	0	0	0	1	0	1	0	0	1	1	0	1	0	0	0	0	0	1	0	0	1	0	0	0	1	1	0	0	0	0	0	0	0	1	0	0	0	0	0	0	0	0	0	1	1	1	1	0	0	0	0	0	1	0	0	0	1	0	0	0	0	0	0	0	0	0	1	0	0	0	1	0	1	1	1	0	0	
Deletion Peak 33	17q25.1 	chr17:67742711-83257441(probes 1372247:1379980)    	chr17:75454145-75511784(probes 1376835:1376856)    	chr17:75459848-75483796(probes 1376838:1376849)    	0.16851	    0.16586		0: t>-0.1; 1: -0.1>t> -1.3; 2: t< -1.3	0	0	1	0	0	0	0	0	0	0	1	0	0	0	0	1	0	0	0	0	1	0	0	0	1	0	0	1	0	0	0	0	0	0	0	0	0	0	1	0	1	0	0	0	1	0	0	0	0	0	1	0	1	1	0	0	0	0	0	1	0	0	0	1	0	1	0	0	0	0	0	0	1	1	0	0	0	1	0	1	0	1	0	0	
Deletion Peak 34	19p13.3 	chr19:970775-3363202(probes 1423500:1424154)          	chr19:1204476-1676419(probes 1423577:1423673)        	chr19:468403-4301847(probes 1423444:1424386)          	0.01103	   0.011645		0: t>-0.1; 1: -0.1>t> -1.3; 2: t< -1.3	1	0	0	0	0	1	0	0	0	0	1	0	0	0	0	1	0	0	0	0	0	0	0	0	0	0	0	0	0	1	0	1	0	0	0	1	0	1	1	0	0	0	0	0	0	1	0	0	0	0	0	0	1	0	0	1	0	1	0	0	0	0	0	1	0	1	0	0	1	0	0	0	0	1	0	1	0	0	1	1	1	1	0	0	
Deletion Peak 35	19q13.32	chr19:39709275-49436873(probes 1440004:1444122)    	chr19:45464894-46235735(probes 1442449:1442761)    	chr19:43742184-46279348(probes 1441525:1442781)    	0.17262	    0.17703		0: t>-0.1; 1: -0.1>t> -1.3; 2: t< -1.3	1	0	0	0	0	0	0	0	0	0	1	0	0	0	0	0	0	0	1	0	0	0	0	0	0	0	0	0	0	0	0	1	1	0	0	1	1	0	0	0	0	0	0	0	0	1	0	0	0	1	0	0	0	0	0	0	0	1	0	0	0	0	0	0	0	0	0	0	1	0	0	0	0	1	0	1	0	0	0	0	0	1	0	0	
Deletion Peak 36	22q12.3 	chr22:36022233-36320268(probes 1516052:1516127)    	chr22:36137738-36209087(probes 1516100:1516114)    	chr22:36131815-36204794(probes 1516097:1516112)    	0.088821	    0.15523		0: t>-0.1; 1: -0.1>t> -1.3; 2: t< -1.3	1	0	0	1	0	1	1	0	0	1	1	1	0	0	0	1	1	1	1	0	0	0	1	0	0	0	1	1	0	1	0	1	0	0	0	1	1	1	1	0	0	0	1	1	0	1	1	1	0	1	1	0	1	1	0	1	0	0	1	0	1	0	0	1	0	1	0	0	1	0	1	1	0	1	1	1	1	0	1	0	0	1	1	0	
Deletion Peak 37	22q13.32	chr22:48272949-48780733(probes 1523414:1523867)    	chr22:48573902-48757469(probes 1523702:1523829)    	chr22:40507027-50818468(probes 1518220:1523951)    	3.7381e-06	 4.4887e-06		0: t>-0.1; 1: -0.1>t> -1.3; 2: t< -1.3	0	0	0	1	0	1	1	0	0	1	1	1	0	0	0	1	1	1	1	0	0	0	1	0	0	0	1	1	0	1	0	1	1	0	0	1	1	1	0	0	0	0	1	1	0	1	1	1	0	1	1	0	1	1	0	0	0	0	1	0	1	0	0	1	0	1	0	0	1	0	1	1	0	1	1	1	1	0	1	0	1	1	1	0	
Amplification Peak  1 - CN values	1p34.2  	chr1:40937185-42219062(probes 20405:21247)      	chr1:41369390-41572783(probes 20630:20769)      	chr1:41369390-41576077(probes 20630:20772)      	0.23605	    0.23605		Actual Copy Change Given	0.10379	-0.001926	-0.098286	0.11492	0.0091705	-0.56376	-1.548e-05	-0.0166	-0.72048	0.2003	-0.26865	-0.68936	0.018803	0.0075	0.0034687	-0.53348	0.58955	-0.3224	2.3578	0.033831	-0.0029091	-0.013278	-0.49163	-0.089532	0.022304	-0.0092666	-0.0031859	-0.39875	-0.015558	-0.0078863	-0.47564	0.068235	0.27395	-0.0011087	0.011958	-0.43641	-0.1637	-0.27416	-0.036683	0.080312	0.24513	0.0018546	0.0056919	-0.65015	-0.011198	0.025391	0.035947	-0.013175	0.0030393	0.0048579	0.041034	-0.016841	-0.30247	-0.045364	-0.0030475	0.0016642	0.0020805	0.58561	0.0030522	-0.00078582	-0.84971	-0.37065	-0.0021868	3.3882	0	-0.20349	0.072396	0.0049969	0.014051	0.0056856	0.011121	0.012097	-0.20069	-0.50484	-0.24679	-0.3659	-0.018206	0.030169	0.39574	0.21161	0.039478	-0.70818	-0.044009	-0.0055375	
Amplification Peak  2 - CN values	1q21.2  	chr1:119984739-151437025(probes 68819:69357)  	chr1:150131879-150522686(probes 68921:69013)  	chr1:119984773-155529465(probes 68820:71509)  	0.040883	   0.045099		Actual Copy Change Given	-0.19401	1.7895	0.82294	0.05637	1.4462	0.247	-0.006244	1.0342	0.85304	0.015587	0.47185	0.073797	0.0044411	0.0075	-0.0081624	1.5389	-0.082535	1.0733	0.64524	0.021603	0.90352	1.4678	0.666	0.096417	0.31177	0.72055	0.56079	0.57523	0.61736	0.19162	1.2731	0.76178	0.55018	1.4479	0.72131	0.88266	0.38816	0.47341	-0.032848	0.55213	0.49096	0.62795	0.96761	0.64928	1.0491	-0.0030469	0.0026294	0.50898	0.0030393	0.0048579	0.5649	0.0026357	1.0135	0.74765	-0.0030475	0.16505	0.0020805	3.2158	0.0030522	0.27018	0.8699	1.5998	0.6696	0.043157	0	0.36641	0.082332	0.0049969	-0.0066432	0.0056856	1.1656	1.2718	0.39453	0.86607	0.27521	-0.17462	0.43396	0	1.1435	0.79723	0.31739	1.9605	0.65981	0.83235	
Amplification Peak  3 - CN values	1q24.2  	chr1:160517746-176085009(probes 74525:85051)  	chr1:168926276-169012925(probes 80720:80796)  	chr1:168041983-169788074(probes 80027:81376)  	0.066365	   0.073736		Actual Copy Change Given	-0.2287	1.7895	0.62074	0.78446	1.4347	-0.54472	-0.006244	1.0342	0.9363	1.2272	0.43192	0.056619	0.0044411	0.0075	0.0052749	1.5389	1.8702	1.1205	0.7057	-0.01106	0.90352	1.4267	0.666	0.096417	0.31177	1.4445	0.58736	0.99509	0.61736	0.4789	1.2156	1.2061	0.55018	1.4594	0.70288	0.88266	0.46058	0.49945	0.15098	0.59836	0.49528	0.71987	0.96761	0.73644	1.1059	-0.0030469	0.0026294	0.50898	0.0036076	0.0048579	0.5649	0.037782	0.69978	0.74765	-0.0030475	0.1615	0.0020805	2.4924	0.0030522	0.27024	0.8483	1.113	0.6696	0.0077078	0	0.81571	-0.0012473	0.0049969	-0.011473	0.0056856	1.1861	1.2718	0.39453	1.4456	0.27521	0.89126	0.4623	0	1.2647	0.79723	0.40211	1.8624	0.054091	2.5589	
Amplification Peak  4 - CN values	7p13    	chr7:44072031-44103245(probes 702480:702490)    	chr7:44078935-44102543(probes 702481:702489)    	chr7:44078935-44147941(probes 702481:702512)    	0.1275	     0.1275		Actual Copy Change Given	0.66991	0.94384	0.28865	0.081755	0.46468	3.6569	0.0023426	0.00069327	0.15039	0.40911	3.6569	-0.027191	0.046842	-0.0031859	0.5142	0.49626	1.4849	0.33367	0.50238	-0.019452	0.25105	0.65903	-0.031391	-0.00079562	0.055373	0.0015255	-0.0009002	0.00041593	0.00041593	-0.26877	-0.057385	0.20488	0	-0.0085766	0.0072217	0	0.38766	0.24435	-0.005561	0.11609	0.41011	0.88453	-0.0026322	0.066945	0.0041632	0.021884	-0.0012473	0.52094	0.0016642	0.0026357	-0.0047079	0.14697	-0.31874	0.388	0.0051359	-0.0031859	0.63088	0	-0.0026702	0.0541	-0.0091286	0.61317	0.0028047	0.0097276	-0.00013862	0.23861	0.81064	-0.0024938	-0.3463	0.00013239	-0.0026322	0.0063871	0.012296	0.39243	0.00083195	0.1676	0.010295	0.47235	0.4094	0.12933	0.49671	0.4536	0.37101	-0.013214	
Amplification Peak  5 - CN values	8p11.23 	chr8:37230583-38114423(probes 781830:782243)    	chr8:37230733-37321975(probes 781831:781900)    	chr8:34496294-46552442(probes 780493:785100)    	6.8468e-10	 1.5629e-06		Actual Copy Change Given	0.11534	-0.0069195	-0.6877	0.072396	-0.030404	0.31165	3.2325	-0.00013862	-0.27679	0.047694	0.13479	0.75581	0.03445	0.32173	0.011818	0	-0.5294	0.023286	-0.63935	-0.83373	0.27505	1.6746	0.096491	0.00022009	0.00013863	0.0091705	0.0013868	0.53977	-0.0016629	-0.045364	-0.529	-0.4678	-0.60786	0.0055616	-0.77107	0.77945	0.60124	-0.28204	0.0029035	-0.59136	-0.45896	-0.0047527	-0.34435	0.78157	0.69335	-0.69839	0.63828	-0.018676	3.6569	0.006109	0.023004	-0.0048461	1.2744	-0.018902	3.6569	1.3592	-0.0063668	-0.7257	0.76312	-0.0029005	3.6569	2.9633	0.0012782	-0.52767	0.0065971	-0.0031859	0.79491	-0.16281	2.8512	-0.0037457	0.0051359	-0.82879	-0.11084	3.6569	0.0086135	0.18871	-0.0045598	0.0076392	0.026192	-0.67784	3.6569	-0.15221	3.6569	0.018523	
Amplification Peak  6 - CN values	8p11.22 	chr8:39551068-39620261(probes 782845:782882)    	chr8:39552476-39617690(probes 782846:782881)    	chr8:34496294-46552442(probes 780493:785100)    	4.8051e-08	  0.0064277		Actual Copy Change Given	0.11534	-0.0069195	-0.48586	0.072396	-0.030404	0.31165	3.6569	-0.00013862	0.2287	0.047694	0.13479	1.5364	0.03445	0.32173	0.011818	0	-0.5294	0.023286	-0.63935	2.1638	0.27505	1.6746	0.096491	0.00022009	0.00013863	0.0091705	0.0013868	0.53977	-0.0016629	-0.045364	-0.529	0.68459	-0.60786	0.0055616	-0.77107	0.77945	0.60124	-0.28204	-0.11932	-0.067993	-0.45896	-0.0047527	-0.34435	0.78157	0.69335	-0.69839	1.0082	-0.018676	3.6569	0.006109	0.023004	-0.0048461	1.2744	-0.018902	-0.96215	1.2601	-0.0063668	2.0578	0.87687	-0.0029005	3.324	2.9843	0.0012782	-0.52767	0.0065971	-0.0031859	0.79491	0.22457	0.027357	-0.0037457	0.0051359	-0.82879	-0.11084	3.6569	0.0086135	0.18871	0.032714	0.0076392	0.026192	-0.67784	3.1597	-0.15221	-0.1955	0.018523	
Amplification Peak  7 - CN values	8p11.21 	chr8:41192171-46549322(probes 784000:785098)    	chr8:42574795-42681911(probes 784883:784935)    	chr8:34496294-46552442(probes 780493:785100)    	0.0080375	   0.077985		Actual Copy Change Given	0.11534	-0.0069195	-0.49721	0.072396	-0.030404	0.31165	0.002065	-0.00013862	0.2287	0.047694	0.063786	2.2663	0.03445	0.32173	0.011818	0	-0.5294	0.023286	-0.63935	2.2348	0.27505	1.6746	0.096491	0.00022009	0.00013863	0.0091705	0.0013868	0.53977	-0.0016629	-0.27822	3.6569	0.53397	-0.59156	0.0055616	-0.77107	0.77945	0.30409	-0.27033	0.057343	0.11345	-0.45896	-0.0047527	-0.34435	0.78157	0.66032	1.4162	0.9623	-0.018676	0.58937	0.006109	0.023004	-0.0048461	1.8754	-0.018902	-0.0095426	0.92695	-0.0063668	2.0578	0.79956	-0.0029005	0.91642	3.6569	0.0012782	0.18011	0.0065971	-0.0031859	0.79491	0.22457	0.027357	-0.0037457	0.0051359	-0.82879	-0.11084	1.0906	0.0086135	0.18871	0.032714	-0.011198	0.026192	-0.23655	2.4383	-0.15221	0.29294	0.018523	
Amplification Peak  8 - CN values	8q13.1  	chr8:66522927-66562711(probes 796573:796590)    	chr8:66523280-66558479(probes 796574:796589)    	chr8:66523280-66573483(probes 796574:796592)    	0.21962	    0.21962		Actual Copy Change Given	0.10665	-0.0069195	0.0029133	0.010564	-0.030404	0.32447	3.2299	-0.00013862	-0.24143	0.6795	0.063786	1.6007	0.03445	-0.0015404	0.25371	0	-0.042381	0.023286	0.55567	3.3583	0.27505	2.7374	0.074806	0.00022009	0.00013863	0.0091705	0.0013868	1.4388	-0.0016629	0.6653	3.0722	3.6569	-0.60904	-0.034768	-0.0084385	0.77945	0.73492	0.8017	0.11274	0.11345	1.2508	-0.0047527	-0.00069303	0.69577	-0.00097017	1.4162	2.2351	-0.018676	0.0056919	0.006109	-0.014778	-0.0048461	0.014245	-0.018902	1.7895	0.49234	-0.0063668	1.1425	0.79956	-0.0029005	-0.89565	0.76063	0.026825	0.0019418	0.0065971	-0.0031859	0.79491	0.22457	0.68533	-0.0037457	-0.013127	0.00053745	-0.11084	0.56308	-0.0038119	0.51769	0.032714	-0.011198	0	1.0073	0.33723	-0.18471	0.26333	-0.013953	
Amplification Peak  9 - CN values	8q22.3  	chr8:103010006-103273109(probes 817543:817741)	chr8:103018573-103126495(probes 817544:817642)	chr8:102884635-103602777(probes 817474:817918)	0.10798	    0.20362		Actual Copy Change Given	0.10665	-0.0069195	0.28992	0.028763	-0.030404	0.31675	2.6024	-0.00013862	2.2357	0.75509	0.063786	1.651	0.03445	0.15636	0.74157	0	0.47049	0.023286	0.56187	3.3133	0.27505	2.725	0.074806	0.0021166	0.00013863	0.0091705	0.0019418	1.4591	-0.0016629	0.68031	3.4349	2.1826	0.63518	-0.034768	-0.0084385	0.77945	1.445	0.8017	0.0074621	0.11345	1.324	-0.0047527	-0.00069303	0.74005	-0.00097017	1.4162	2.2351	-0.018676	0.0056919	1.3638	-0.014778	-0.0048461	0.014245	-0.018902	1.7895	0.47616	-0.0067565	1.6482	0.030029	-0.0029005	1.75	0.75051	0.026825	0.0019418	0.0065971	-0.0031859	0.79491	0.22457	1.0042	-0.0037457	-0.013127	-0.0098185	-0.11084	0.56788	-0.0038119	1.6609	0.032714	-0.011198	0	1.0245	1.6563	-0.19284	0.26333	-0.013953	
Amplification Peak 10 - CN values	8q24.21 	chr8:127612374-127780549(probes 832386:832527)	chr8:127728723-127750915(probes 832504:832509)	chr8:105783725-133173278(probes 819197:836349)	8.1736e-05	 0.00013674		Actual Copy Change Given	0.11417	-0.0069195	0.44206	0.019643	-0.030404	0.35153	2.977	-0.00013862	1.1543	0.10825	0.063786	1.6611	0.03445	0.31754	0.51281	0	0.96596	0.023286	0.56863	3.3133	0.26523	2.6819	0.10815	0.0018031	0.00013863	0.0091705	0.0019418	3.6569	-0.0016629	1.1451	3.4509	3.0329	0.59746	-0.044144	-0.0084385	0.77945	2.5429	0.78465	-0.12492	0.11345	1.3223	-0.0047527	-0.00069303	0.036088	0.017411	1.4162	2.2351	-0.018676	0.0056919	1.3638	-0.014778	-0.0048461	0.014245	-0.021647	1.5069	0.48199	-0.0067565	3.6569	0.79684	-0.0029005	1.8106	0.77483	0.026825	0.0019418	0.0065971	-0.018216	0.83982	0.23318	1.0042	-0.0037457	-0.013127	-0.0098185	-0.11084	0.56788	-0.0038119	1.7717	0.0095982	0.010842	0.0010694	1.1716	1.7657	-0.19284	0.35577	-0.013953	
Amplification Peak 11 - CN values	10p14   	chr10:8934696-9108058(probes 917935:918069)      	chr10:8981663-9101912(probes 917976:918066)      	chr10:8936097-9122720(probes 917936:918082)      	0.14493	    0.14493		Actual Copy Change Given	-0.49945	0.0054139	0.0022539	0.041741	-0.016567	1.1331	-0.73723	0.00055459	0.8017	0.026654	0.76752	0.6333	-0.028081	0.00055459	0.0026357	-0.55005	1.6024	0.0020805	0.46007	0.011958	0.0086135	0.57326	0.084175	0.0023254	-0.00055444	0.00083195	0.0020361	0.52031	-0.0030475	-0.007472	-0.034086	2.6625	0.26545	-0.0023553	0.01126	0.17694	0.047694	0.0051359	0.080158	-0.074544	0.6559	0.0010222	0.012097	0.053237	0.0041632	0.050677	0.011121	0.51187	0.0011826	0.0030522	0.02539	-0.0071958	0.80488	-0.41579	-0.0026322	0	-0.0008316	-0.00055444	0	0	0.05466	-0.0029091	0.00072338	0.014051	-0.00041585	0.68719	0.00458	-0.023292	-0.32751	0.006659	0.008892	0.01433	0.0024174	1.1119	0.0090312	-0.022332	0.003062	0.0084743	0.27028	1.4431	1.5539	0.050961	-0.028901	0.00458	
Amplification Peak 12 - CN values	11q12.2 	chr11:61260252-61803909(probes 1027831:1028060)	chr11:61262512-61397807(probes 1027832:1027883)	chr11:61262512-61556450(probes 1027832:1027957)	0.17456	    0.19614		Actual Copy Change Given	-0.20076	0.00097064	0.22561	-0.7997	-0.062629	0.29803	-0.72102	0.0026357	-0.72509	0.0062481	0.028613	-0.72281	-0.21726	0.0029133	0.0015255	0.060936	0.0068326	-0.29791	-0.034904	0.020483	-0.0054606	0.32318	-0.50528	0.0036046	0.0054139	0.0027364	-0.0029622	0.063795	0.00027728	0.22947	-0.52522	0.56099	-0.28382	3.6569	0.0052749	-0.47849	0.017684	-0.037898	0.47031	-0.25067	0.037076	-0.0081111	0.0056919	-0.66087	-0.026441	0.04954	0.02377	1.9935	-0.60844	-0.6738	0.073115	-0.010508	-0.30775	0.34265	-0.0022001	0	0	-0.013677	-2.4224e-05	-0.0012387	0.055281	-0.062092	0.005305	0.019363	-0.0022168	0.17136	0.064511	0.0036076	-0.36056	0	0.0039271	0.006109	-0.0052019	0.62583	0.008892	0.161	-0.001099	0.0035448	-0.50394	-0.28291	-0.63112	0.085654	-0.020961	-0.91575	
Amplification Peak 13 - CN values	11q13.2 	chr11:66801473-66828025(probes 1029823:1029833)	chr11:66803125-66827588(probes 1029824:1029832)	chr11:66073602-72125260(probes 1029548:1032264)	0.0012739	      0.136		Actual Copy Change Given	-0.20076	0.00097064	0.22561	-0.7997	0.95386	0.29803	-0.045379	0.0026357	-0.72509	0.0062481	0.028613	0.12119	-0.21726	0.0029133	0.0015255	0.060936	0.0068326	-0.29791	1.6065	0.020483	-0.0054606	-0.016841	0.1026	0.0014228	0.0054139	0.0027364	-0.0029622	0.063795	0.00027728	0.22947	-0.076812	0.4789	0.017124	0.076279	0.0052749	3.6569	0.017684	-0.02562	0.57165	-0.25067	0.037076	-0.0081111	0.0056919	-0.67361	-0.6992	0.04954	0.02377	1.1483	-0.60844	0.64268	0.073115	-0.010508	-0.31161	0.34265	-0.0022001	-0.0062921	0	-0.061823	-2.4224e-05	-0.0012387	0.077574	-0.062092	0.07559	2.7302	-0.0022168	0.17136	0.064511	0.0036076	1.2402	0	0.0039271	0.006109	-0.0052019	-0.50113	0.008892	0.161	-0.001099	0.0035448	0.30277	-0.28291	1.2857	0.15562	-0.020961	-0.00041585	
Amplification Peak 14 - CN values	11q13.3 	chr11:69472726-69754649(probes 1030875:1031043)	chr11:69598493-69688160(probes 1030960:1030999)	chr11:66073602-72125260(probes 1029548:1032264)	3.5383e-24	 6.1492e-23		Actual Copy Change Given	-0.20076	0.00097064	0.22561	-0.7997	1.5042	0.34551	3.134	0.0026357	-0.72509	0.1437	0.028613	0.12119	0.010703	0.0029133	0.0015255	0.060936	0.0068326	-0.29791	1.5868	2.8821	-0.0054606	-0.016841	2.8493	0.10705	0.0054139	0.0027364	-0.0029622	0.14741	0.00027728	0.22947	3.6569	0.37743	0.017124	2.6822	0.083487	3.6569	0.051672	-0.02562	1.9236	-0.25067	0.54083	-0.0081111	0.0056919	1.6617	0.73341	0.04954	0.02377	0.99896	2.0022	2.8875	0.073115	-0.010508	-0.31161	0.34265	-0.0022001	-0.0062921	0	-0.051991	-2.4224e-05	-0.0012387	0.077574	-0.062092	0.07559	3.6569	-0.0022168	0.17136	0.064511	0.0036076	3.6287	0	0.0039271	0.006109	-0.0052019	2.7723	0.008892	0.161	-0.001099	0.0035448	3.6569	-0.28291	2.3079	0.15562	3.6569	-0.00041585	
Amplification Peak 15 - CN values	11q13.4 	chr11:72664283-72892318(probes 1032512:1032601)	chr11:72666571-72706739(probes 1032513:1032529)	chr11:72127490-79595296(probes 1032268:1036491)	1.1164e-06	  0.0013965		Actual Copy Change Given	-0.20076	0.00097064	0.22561	-0.7997	-0.060004	0.34551	-0.71356	0.0026357	-0.72509	0.055373	0.028613	-0.73908	0.010703	0.0029133	0.0015255	0.060936	0.0068326	-0.29791	0.53011	2.7469	-0.0054606	-0.016841	0.71016	-0.00010263	0.0054139	0.0027364	-0.0029622	0.060709	0.00027728	0.01447	3.6569	0.42402	0.017124	1.3392	0.0086135	-0.46515	0.051672	-0.02562	-0.7043	-0.25067	-0.015879	-0.0081111	0.0056919	0.72508	0.62061	0.04954	0.02377	-0.53372	3.6569	2.7929	0.073115	-0.010508	0.016633	0.34265	-0.0022001	-0.0062921	0	1.1637	-2.4224e-05	-0.0012387	0.077574	-0.062092	-0.030177	-0.50401	-0.0022168	0.17136	0.064511	0.0036076	-0.70997	0	0.0039271	0.006109	-0.0052019	-0.54927	0.008892	0.161	-0.001099	0.0035448	1.1404	-0.28291	1.893	0.066658	0.52223	-0.00041585	
Amplification Peak 16 - CN values	11q13.4 	chr11:75388591-75509016(probes 1033921:1033988)	chr11:75392445-75464847(probes 1033922:1033963)	chr11:72127490-79595296(probes 1032268:1036491)	1.3906e-05	   0.043632		Actual Copy Change Given	-0.20076	0.00097064	0.22561	-0.7997	-0.060004	1.2181	2.2301	0.0026357	-0.69061	0.055373	0.028613	-0.73908	0.010703	0.0029133	0.0062481	0.060936	0.53872	-0.29791	0.53011	1.5157	-0.0054606	-0.016841	-0.50735	-0.00010263	0.0054139	0.0027364	-0.0029622	0.060709	0.00027728	0.01447	3.6569	0.42402	0.017124	2.5961	0.0086135	-0.46515	0.051672	-0.02562	-0.64849	-0.25067	-0.015879	-0.0081111	0.0056919	0.078294	-0.0044312	0.0054145	0.02377	2.478	-0.58727	1.3596	0.030029	-0.010508	0.016633	0.34265	-0.0022001	-0.0062921	0	-0.015054	-2.4224e-05	-0.0012387	0.077574	-0.0060904	-0.030177	-0.52723	-0.0022168	0.17136	0.064511	0.0036076	-0.70997	0	0.0039271	0.006109	-0.0052019	-0.54927	0.008892	0.161	-0.001099	0.0035448	1.3433	-0.28291	1.2414	0.066658	0.51054	-0.00041585	
Amplification Peak 17 - CN values	11q14.1 	chr11:77613150-77931155(probes 1035122:1035268)	chr11:77681828-77929800(probes 1035157:1035267)	chr11:72127490-79595296(probes 1032268:1036491)	1.2821e-05	  0.0080375		Actual Copy Change Given	-0.20076	0.00097064	0.22561	-0.7997	-0.060004	0.32189	-0.71949	0.0026357	-0.69061	0.055373	0.028613	-0.73908	0.010703	0.0029133	0.0062481	0.010006	0.016286	-0.29791	0.53011	2.1684	-0.0054606	-0.081339	0.71871	-0.00010263	0.0054139	0.0027364	0.0012316	0.060709	0.00027728	0.01447	3.6569	0.73322	0.017124	2.0801	0.0086135	-0.46515	0.051672	0.025671	-0.65093	-0.25067	-0.015879	-0.0081111	0.0056919	0.078294	0.66789	0.0054145	0.02377	2.5273	-0.58727	0.68757	0.030029	-0.010508	0.016633	0.34265	-0.0022001	-0.0062921	0	-0.015054	-2.4224e-05	-0.0012387	-0.012162	-0.0060904	-0.030177	3.6569	-0.0022168	0.17136	-0.0056757	0.0036076	-0.70997	0	0.0039271	0.006109	-0.0052019	-0.54927	0.008892	0.161	-0.001099	0.0035448	-0.673	-0.28096	1.2414	0.066658	-0.55086	0.88666	
Amplification Peak 18 - CN values	11q14.1 	chr11:80904624-81443098(probes 1037455:1037824)	chr11:81217767-81440858(probes 1037686:1037823)	chr11:81032187-81446306(probes 1037547:1037826)	0.14493	    0.21633		Actual Copy Change Given	-0.23751	0.00097064	0.22561	-0.86246	0.91784	0.32189	-0.71427	0.0026357	-0.65631	0.022585	0.028613	-0.73908	0.010703	0.0029133	0.0062481	0.010006	0.016286	-0.29791	0.59894	-0.81589	-0.0054606	-0.081339	-0.58305	-0.00010263	0.0054139	0.0027364	0.0012316	0.081322	0.00027728	0.01447	-0.55787	0.13169	0.017124	0.035947	-0.013677	-0.46515	0.051672	0.025671	-0.55518	-0.25067	-0.015879	-0.0081111	0.0056919	-0.69514	0.69428	0.0054145	-0.0051227	-0.0061394	-0.58727	-0.67481	-0.0080244	-0.010508	0.016633	0.40011	-0.0022001	-0.0062921	0	-0.015054	-2.4224e-05	-0.0012387	-0.012162	-0.0060904	-0.090729	2.2797	-0.0022168	0.21683	-0.0056757	0.0036076	-0.70997	0	0.0039271	0.006109	-0.0052019	-0.54927	0.008892	-0.6604	-0.001099	0.0035448	-0.51458	-0.28096	2.6034	0.013492	-0.55086	0.90754	
Amplification Peak 19 - CN values	12q14.1 	chr12:57592942-57783508(probes 1102346:1102431)	chr12:57714587-57779682(probes 1102394:1102430)	chr12:57593427-57796938(probes 1102347:1102433)	0.14959	    0.14959		Actual Copy Change Given	-0.4886	-0.0094046	0.23359	0.012097	0.47049	0.30601	-0.0085896	-0.0037395	0.040751	2.3578	0.16864	0.063044	0.0037465	0.001803	0.2573	0.544	-0.0023553	-0.28907	0.55142	0.030451	0.035947	-0.018078	0.078582	-0.0016269	-0.0010917	-0.0016629	-0.0019157	0.53415	-0.0034627	-0.012024	0.38138	-0.197	-0.28917	0.0016642	-0.012989	0.52941	0.51647	-0.03817	0.053427	0	-0.21627	-0.0065918	0.0038854	0.046842	1.8823	0.02806	-0.0038779	0.49573	-0.0009228	-0.0067813	0.11829	-0.057924	-0.00049966	-0.037898	-0.00037054	-0.0049243	0.00083195	-0.020549	0.00013863	0.042033	-0.019177	-0.050776	-0.0028388	0.013772	0.0076403	0.072684	0.089996	0.00041593	0.33105	-0.0044049	0	-0.015191	-0.0029884	-0.51334	-0.0070576	0.14593	-0.011326	-0.0073339	-0.056481	-0.28644	3.6569	0.039902	0.47886	-0.0008316	
Amplification Peak 20 - CN values	14q12   	chr14:31718705-33651253(probes 1210933:1212461)	chr14:32489774-32658819(probes 1211447:1211572)	chr14:32074904-32757465(probes 1211163:1211645)	0.17691	    0.17691		Actual Copy Change Given	-0.2548	0.0079175	-0.058462	0.025952	-0.01037	-0.54118	-0.0012618	0.0069435	0.17181	0.018383	0.77501	0.033513	-0.53348	-0.00013862	0.00458	0.015308	-0.52828	-0.60148	1.5524	0.0048579	-0.0052239	0.53784	0.091658	-0.0017654	0.00083195	0.001803	0.0013216	0.45888	-0.0020784	-0.042517	-0.044009	-0.34698	0.59062	0.00055459	0.010703	0.025952	0.03946	0.023706	0.044138	0.044715	-0.017391	0.7774	-0.00055444	-0.69947	0.0049016	-0.057788	0.004719	0.51031	0.01447	0.69951	0.012795	-0.061823	-0.3094	0.39595	0.0075888	0	0.0038854	-0.69441	0.0044411	0.0020891	-0.036129	-0.0018014	0.00016874	-0.24885	0.0020805	-0.28762	-0.0069195	0.0070826	-0.33664	0.0011316	0.0044411	0	0.0015848	0.56414	0.0090312	0.16772	-0.00040608	0.0072217	3.6569	-0.26376	1.5628	0.39048	0.48992	0.0020805	
Amplification Peak 21 - CN values	17q11.2 	chr17:28874043-29688371(probes 1353004:1353384)	chr17:29591524-29604993(probes 1353349:1353351)	chr17:27430464-29907635(probes 1352327:1353474)	0.0060332	   0.012022		Actual Copy Change Given	-0.47998	0.003191	0.79665	-0.77914	-0.0024678	0.30825	0.59672	-0.020138	0.80461	-0.0062286	3.6569	0.11444	-0.52256	0.006109	0.23705	-0.5201	2.9954	0.23783	1.5145	0.057083	0.013353	-0.024935	0.0099734	-0.0090859	-0.31449	0.0023581	-0.0047079	-0.41487	-0.0097187	0.22756	-0.048748	-0.22932	-0.57209	0.00069327	0.017544	0.44816	0.44426	0.89909	-0.046588	0.083776	-0.20324	-0.013902	0.012795	0.071822	-0.0091286	0.051571	0.098124	-0.026996	0.0063871	0.05281	-0.54088	2.1076	-0.12364	-0.43246	-0.013815	0.0054139	0.0070826	0.56703	0.011958	-0.27415	0.09043	-0.027671	0.018737	-0.5097	-0.0069195	0.32141	0.063652	0.008096	0.33011	0.018097	0.019223	0.010146	-0.19695	-0.50932	0.019783	0.12255	-0.036528	-0.46972	0.27848	0.44969	-0.042245	-0.16307	0.46741	0.0024969	
Amplification Peak 22 - CN values	17q12   	chr17:39532847-39549842(probes 1357711:1357720)	chr17:39533256-39547963(probes 1357712:1357719)	chr17:39186595-40475060(probes 1357574:1358134)	1.1432e-07	 1.9207e-07		Actual Copy Change Given	-0.47998	0.003191	3.6569	-0.77914	-0.0024678	0.26247	0.59672	-0.020138	0.80461	0.65295	3.6569	0.11444	0.022585	0.006109	0.0027745	-0.5201	2.441	0.23783	3.6569	0.057083	0.0072596	0.013074	0.0099734	-0.0090859	-0.31449	-0.00097017	-0.0047079	-0.41487	-0.01757	0.24156	-0.021975	-0.27679	3.6569	-0.019863	0.017544	0.44816	0.64304	-0.043195	-0.048622	0.037924	-0.20324	-0.013902	0.012795	0.78273	-0.0091286	0.051571	0.098124	-0.026996	0.0063871	0.05281	-0.54088	3.6569	-0.12364	-0.43246	-0.013815	0.14875	0.0070826	0.84771	0.011958	-0.28012	0.09043	-0.062092	0.018737	-0.5097	-0.0069195	-0.44178	0.078438	0.008096	0.33011	0.018097	0.019223	0.010146	-0.19695	-0.50932	0.019783	0.20366	-0.036528	-0.46972	0.32765	1.7071	-0.21193	-0.18113	0.46741	0.0024969	
Amplification Peak 23 - CN values	17q21.33	chr17:49523721-50011325(probes 1361937:1362145)	chr17:49525278-49552920(probes 1361938:1361944)	chr17:49307055-50503153(probes 1361803:1362426)	0.071242	   0.071242		Actual Copy Change Given	-0.47998	0.003191	-0.46366	0.089127	-0.0024678	0.33766	1.1941	-0.020138	0.80461	0.65295	-0.59974	0.085762	0.019083	0.006109	-0.26203	0.0467	-0.0095426	0.23829	-0.59526	0.057083	0.0072596	0.013074	0	-0.0090859	-0.31449	-0.00097017	-0.0047079	-0.41487	-0.01757	0.46434	-0.011887	-0.20995	1.8557	-0.019863	0.013046	0.44816	0.76888	2.9195	-0.26529	0.037924	-0.20324	-0.013902	0.012795	0.78273	-0.0091286	0.051571	0.098124	-0.026996	0.0063871	0.05281	-0.54088	1.9337	-0.12364	-0.43246	0.010285	-0.0027707	0.0070826	-0.011611	0.011958	-0.28012	0.10089	-0.062092	0.018737	-0.5097	-0.0069195	0.72962	0.078438	0.008096	0.35072	0.018097	0.019223	0.010146	0.007977	2.1118	0.019783	0.9926	-0.036528	-0.46972	0.27327	-0.27128	0.26624	-0.19675	0.46741	0.0024969	
Amplification Peak 24 - CN values	17q23.1 	chr17:59215466-60419776(probes 1367762:1368309)	chr17:59430243-59723026(probes 1367876:1368014)	chr17:56841480-62938847(probes 1366392:1369539)	0.00080183	  0.0023738		Actual Copy Change Given	-0.49477	0.003191	-0.46366	0.88566	-0.0024678	0.23861	1.2162	-0.020138	0.81845	1.1447	3.6569	0.085762	0.019083	0.006109	0.51577	0.0467	-0.0095426	0.23055	3.6569	0.040185	0.0072596	-0.041702	0	-0.0090859	-0.32263	-0.00097017	-0.0047079	-0.46302	-0.01757	0.76926	-0.011887	-0.20995	0.54947	-0.019863	0.013046	0.44816	0.76888	3.012	-0.073595	0.093621	-0.20324	-0.013902	0.012795	0.78273	-0.0091286	0.042131	0.098124	-0.021147	0.0063871	0.05281	-0.54088	-0.005261	-0.12364	-0.43246	0.010285	-0.0027707	0.0070826	-0.011611	0.011958	-0.28012	0.054376	-0.037749	0.018737	-0.51172	-0.0069195	0.72811	0.041458	0.008096	0.35072	0.018097	0.019223	0.010146	0.012157	2.4883	0.019783	1.1169	-0.036528	-0.46972	0.33184	-0.27128	-0.011728	-0.19675	0.51612	0.0024969	
Amplification Peak 25 - CN values	17q23.3 	chr17:63959668-63975017(probes 1369967:1369975)	chr17:63959921-63971983(probes 1369968:1369974)	chr17:63039768-65378332(probes 1369578:1370746)	0.018504	    0.10762		Actual Copy Change Given	0.10729	0.003191	-0.43061	0.048688	-0.0024678	0.32431	1.2162	-0.020138	0.81845	1.2555	3.6569	0.085762	0.019083	0.006109	0.51577	-0.53531	-0.0095426	0.23055	0.57451	0.040185	0.0072596	-0.041702	0	-0.0090859	-0.32263	-0.00097017	-0.0047079	-0.46302	-0.01757	0.48027	-0.011887	-0.17559	2.5691	-0.019863	0.013046	0.44816	0.76888	1.8742	-0.064977	0.093621	-0.20324	-0.013902	0.012795	0.074984	-0.0091286	0.042131	0.098124	-0.021147	0.0063871	0.05281	-0.54088	-0.005261	-0.12364	-0.43246	0.010285	-0.0027707	0.0070826	-0.011611	0.011958	-0.28012	0.054376	0.67511	0.018737	-0.51172	-0.0069195	0.72811	0.041458	0.008096	0.35072	0.018097	0.019223	0.010146	0.012157	1.6277	0.019783	1.1169	-0.036528	-0.46972	0.35034	-0.27128	-0.016154	-0.19675	0.51612	0.0024969	
Amplification Peak 26 - CN values	17q25.1 	chr17:75851719-75884173(probes 1376983:1376985)	chr17:75852942-75882547(probes 1376984:1376984)	chr17:75274826-76504249(probes 1376747:1377242)	0.014291	   0.028541		Actual Copy Change Given	1.1784	0.003191	-0.47807	0.12904	-0.0024678	0.32431	1.2162	-0.020138	2.3893	2.1097	-0.61394	0.13387	0.019083	0.006109	0.51577	-0.53531	-0.0094046	0.20626	0.57451	0.040185	0.024268	0.013772	0	-0.0090859	-0.32263	-0.00097017	-0.0047079	-0.40606	-0.01757	0.48027	-0.042788	0.51385	2.4546	-0.011887	0.013046	0.44816	1.7243	2.328	-0.14253	0.093621	-0.20324	-0.013902	0.012795	0.074984	-0.72597	0.042131	0.098124	-0.021147	0.0063871	0.05281	-0.54088	-0.005261	-0.12364	-0.43246	0.010285	-0.0027707	0.8412	-0.011611	0.011958	-0.28012	0.10016	0.67215	0.018737	-0.51172	-0.0069195	-0.45361	0.12285	0.008096	0.34047	0.018097	0.019223	0.010146	-0.20443	-0.51182	0.019783	1.1169	-0.036528	-0.46972	0.35703	-0.26384	0.2484	-0.15911	0.51612	0.0055529	
Amplification Peak 27 - CN values	19q12   	chr19:29240050-29840677(probes 1433740:1434234)	chr19:29684643-29731959(probes 1434100:1434126)	chr19:27854071-31168926(probes 1432627:1435165)	0.0020561	   0.033226		Actual Copy Change Given	-0.83753	0	0.1202	0.098706	0.011958	0.36051	-0.010248	-0.0084385	0.09188	0.084065	0.44188	0.099518	0	0.0054139	0.0051359	0.060794	-0.49923	0.012237	2.8356	0.063223	0.28248	-0.043331	0.11078	0.085403	0.015028	-0.0016629	-0.0080244	0.030283	-0.016017	0.19893	0.45241	3.6569	-0.17196	0.0064486	0.029184	-0.26011	-0.18207	0.031859	-0.38452	0.12241	-0.016704	0.69267	0.004719	0.073546	0.012097	-0.28144	0.041317	0.30436	-0.00027724	-0.005814	0.083776	-0.015466	-0.014251	0.32286	3.6569	0.0063871	0.0029133	0.55567	0.018243	0.0037551	0.042449	0.69559	-0.0075801	0.027919	-0.0090142	0.56028	0.003191	0.0051359	-0.3153	0.022578	0.027778	0.0054139	0.0061684	-0.53564	0.022304	0.17996	-0.037616	0.50724	0.43643	3.6569	1.0352	-0.20846	-0.00041585	0.01419	
Amplification Peak 28 - CN values	19q12   	chr19:30738503-30807135(probes 1434845:1434888)	chr19:30738733-30797210(probes 1434846:1434878)	chr19:27854071-31168926(probes 1432627:1435165)	0.0052205	   0.092024		Actual Copy Change Given	-0.83753	0	0.1202	0.098706	0.011958	0.36051	-0.010248	-0.0084385	0.09188	0.084065	-0.17082	0.099518	0	0.0054139	0.0051359	0.060794	-0.51342	0.012237	3.3785	0.063223	0.28248	-0.043331	0.11078	0.085403	0.015028	-0.0016629	-0.0080244	0.030283	-0.016017	0.19893	0.45241	3.0736	-0.17196	0.0064486	0.029184	-0.26011	-0.18207	0.031859	-0.05011	0.12241	-0.016704	0.69267	0.004719	0.073546	0.012097	-0.28144	0.041317	0.30436	-0.00027724	-0.005814	0.083776	-0.015466	-0.014251	0.32286	3.6569	0.0063871	0.0029133	0.55567	0.018243	0.0037551	0.042449	0.69559	-0.0075801	0.027919	-0.0090142	0.56028	0.003191	0.0051359	-0.3153	0.022578	0.027778	0.0054139	0.0061684	-0.53564	0.022304	-0.18785	-0.037616	0.50724	0.43643	3.1135	1.0819	-0.20846	-0.00041585	0.01419	
Amplification Peak 29 - CN values	20q13.2 	chr20:53547099-54666853(probes 1478753:1479604)	chr20:53953691-54163653(probes 1479019:1479221)	chr20:53547195-55145438(probes 1478754:1479990)	0.033546	   0.033546		Actual Copy Change Given	-0.11065	0.019923	0.57398	0.072253	0.49424	1.1709	2.1814	-0.0012473	0.12931	0.029325	3.6569	0.29497	0.030451	0.0040243	0.5088	1.1262	0.020903	0.00027728	3.6569	3.6569	0.28977	-0.037898	0.1118	-0.0034268	0.016006	0.00069327	-0.0053992	-0.45533	-0.0053992	0.22823	0.49078	0.010564	0.53678	0.016565	0.0375	0.45547	1.2818	0.2928	0.082755	0.11272	0.23829	1.4168	0.014888	0.097106	0.022024	0.032532	0.019363	0.54659	0.016286	0.69559	0.050819	-0.044957	0.59016	0.70607	-0.030677	0.0033299	7.1919e-05	0.54735	0.0022193	0.016294	0.17799	-0.0094046	0.0026658	0.034959	-0.011335	0.37891	0.020763	-0.0042929	0.3738	0.014184	0.013492	0.026795	0.0061684	0.078691	0.025671	1.3672	0.44919	0.027778	0.45406	0.1679	0.65663	-0.17967	0.51821	0.022585	
Deletion Peak  1 - CN values	1p36.32 	chr1:1-48183817(probes 1:24485)                      	chr1:1-3302045(probes 1:1)                            	chr1:1-35906266(probes 1:17688)                      	1.9025e-06	  0.0022269		Actual Copy Change Given	0.10627	0.021463	-0.050911	-0.77473	-0.013264	-0.56376	-0.033147	-0.013815	-0.72835	0.12579	-0.63813	-0.859	0.018803	0.0075	0.0034687	-0.53348	0.07815	-0.3224	-0.057005	0.0037465	0.011768	0.0011342	-0.49047	-0.089532	0.022304	-0.0092666	-0.0031859	-0.38022	-0.0037395	-0.0078863	-0.46621	0.090197	0.26592	0.042732	0.044007	-0.44889	-0.40981	-0.57486	-0.13252	0.12756	-0.19762	-0.77427	0.0056919	-0.65015	-0.011198	0.025391	0.035947	-0.019775	-1.0367	-0.6617	0.078871	-0.026577	-0.31525	-0.045364	-0.0030475	0.0016642	0.00069327	-0.76342	0.0030522	0.0097363	-0.84971	-0.40185	-0.0021868	-0.5095	0	-0.19525	0.072396	0.0049969	0.020063	0.0056856	0.034959	0.012097	-0.20069	-0.49363	-0.24679	-0.48827	-0.49766	0.030169	-0.48316	-0.26505	-0.33975	-0.70818	-0.010094	0.0090312	
Deletion Peak  2 - CN values	1p36.11 	chr1:25419577-25960071(probes 12415:12663)          	chr1:25791903-25911582(probes 12573:12628)          	chr1:1-35906266(probes 1:17688)                      	1.3526e-06	 2.7103e-05		Actual Copy Change Given	0.10379	0.0075816	-0.14456	-0.77473	0.0091705	-0.56376	-0.033147	-0.013815	-0.72835	0.065656	-0.6237	-1.1202	0.018803	0.0075	0.0034687	-0.53348	0.022975	-0.3224	-0.63519	0.033831	0.011768	-0.013278	-0.48882	-0.089532	0.022304	-0.0092666	-0.0031859	-0.39875	-0.015558	-0.0078863	-0.46621	0.068235	0.27395	-0.87751	0.011958	-0.43641	-0.40981	-0.33087	-0.14616	0.080312	-0.19762	0.0018546	0.0056919	-0.65015	-0.011198	0.025391	0.035947	-0.013175	-0.60586	-0.6617	0.078871	-0.18093	-0.29303	-0.045364	-0.0030475	0.0016642	0.0020805	-0.73345	0.0030522	-0.00078582	-0.84971	-0.07067	-0.0021868	-0.5095	0	-0.20349	0.072396	0.0049969	-0.69432	0.0056856	-0.6465	0.012097	-0.20069	-0.49363	-0.24679	-0.48827	-0.49766	0.030169	-0.48316	-0.25673	0.03601	-0.70818	-0.044009	-0.0055375	
Deletion Peak  3 - CN values	1p22.1  	chr1:81512556-115926769(probes 45340:66322)        	chr1:91679171-91907379(probes 51980:52092)          	chr1:91483784-93487911(probes 51827:52818)          	0.062224	   0.062224		Actual Copy Change Given	-0.22922	-0.001926	0.23798	0.039478	-0.021098	-0.54089	-0.006244	-0.0023553	-0.67144	-0.017666	-0.24624	-0.73541	0.0043021	0.0075	-0.0059522	-0.56853	-0.0034627	-0.28952	-0.61489	-0.021098	-0.0029091	-0.087049	-0.5335	-0.089532	-0.0063668	-0.0092666	-0.0031859	-0.4806	0.0015255	-0.28988	-0.54128	-0.35203	0.27395	-0.0011087	-0.020824	-0.43094	-0.43344	-0.27416	-0.37352	-0.4787	-0.21379	0.0018546	0.0056919	-0.68824	-0.011198	-0.0030469	-0.00081264	-0.013175	0.0030393	0.0048579	-0.010922	0.0026357	0.23821	-0.0047079	-0.0030475	0.0016642	0.0020805	0.018803	0.0030522	-0.00078582	-0.87158	-0.37065	-0.0021868	-0.25636	0	-0.61508	-0.0078863	0.0049969	0.014051	0.0056856	-0.69983	-0.0048755	-0.20069	-0.56925	-0.0026322	0.15696	0.015317	0	0.39989	0.17016	0.5403	-0.7603	-0.54714	-0.0055375	
Deletion Peak  4 - CN values	2q37.3  	chr2:232169786-242193529(probes 258694:264464)    	chr2:237365501-241359394(probes 262141:264357)    	chr2:232328859-242193529(probes 258766:264464)    	0.0077203	  0.0077203		Actual Copy Change Given	0.041018	0	-0.74299	0.10512	0	-0.53409	-0.003063	0.00069327	-0.079077	0.063652	-0.44038	0.066049	-0.012851	-0.0019399	-0.022332	0.044999	0.49083	0	-0.25055	0.011679	-0.0029091	-0.0048461	-0.0047405	0.0015615	-0.0039263	-0.0008316	-0.0031859	-0.41971	0.0043021	-0.25914	-0.48218	-0.62303	-0.25998	0.026514	0.0052749	-0.4462	-0.42156	0.0033299	-0.1748	-0.049643	0.39463	0.0068561	-0.0019399	0.082235	-0.00055444	0.02792	-0.00055444	0	-0.00055444	-0.58284	0.039761	0.00041593	-0.10126	0.34795	0.0048579	0.016845	-0.0010951	-0.35088	-0.0034627	0.0019504	0.049256	0	0.00087054	-0.23043	0.00458	0.17422	0.048688	0	-0.32855	-0.0047141	0.011539	-0.012422	-0.0014651	-0.53979	-0.23031	-0.66763	-0.024348	0.0022193	-0.45118	-0.27308	-0.059673	0.07369	0.019363	0	
Deletion Peak  5 - CN values	3p22.1  	chr3:17154445-87279214(probes 273867:314745)        	chr3:42488452-42540187(probes 288938:288968)        	chr3:42497023-42546159(probes 288941:288972)        	0.092372	    0.09189		Actual Copy Change Given	-0.52001	-0.010708	-0.2589	0.050677	0.47375	-0.56077	-0.008592	0	0.1607	-0.65873	-0.6369	-0.50139	0.0028485	-0.0040162	0.27253	0.039054	-0.53591	-0.29827	-0.59776	0.0020805	-0.0053992	0.3743	-0.019758	0.005172	-0.0023553	-0.0044312	0.003191	0.020343	0.0056919	-0.26083	0.40061	0.25433	0	0	0.011679	0.28834	-0.43799	0.077542	-1.2929	0.049682	-0.015329	0.0036592	0	-0.6964	0.0044411	-0.019451	0	-0.011522	-0.0089906	-0.67141	-0.0044312	-0.001479	0.0019966	0	0.0044411	0.00055459	-0.00069303	0.018383	-0.005261	8.588e-06	0.0019418	-0.7474	-0.64929	-0.2531	-0.2308	0.0086135	-0.007472	-0.0020784	-0.6907	-0.00069533	-0.70262	-0.0015243	0.0056123	-0.574	0.0034687	-0.65473	-0.47585	0.0095883	-0.46305	-0.25998	-0.3567	-0.013127	-0.18156	-0.019177	
Deletion Peak  6 - CN values	4q35.2  	chr4:1-190214555(probes 372523:476996)              	chr4:186264232-186295233(probes 476066:476099)    	chr4:186279438-186280056(probes 476083:476084)    	0.24533	    0.24343		Actual Copy Change Given	0.074392	-0.018644	0.7835	0.037782	-0.026769	0.010703	0.00040045	0.010703	-0.27774	0.049682	-0.62112	-0.039972	-0.007472	-0.0056757	0.0026357	0.023847	0.011121	-0.32019	-0.63821	0.63956	-0.0087146	-0.097891	-0.13261	-0.063719	-0.0078863	0.00041593	0.0057934	0.0026357	0.0043021	-0.0094046	-0.058596	-0.6122	0.015308	0.00013863	-0.015604	-0.46195	-0.061017	0.0049341	-0.031676	0.10848	0.066658	-0.01682	-0.010017	0.035524	-0.0047079	0.012656	-0.007472	-0.015928	-0.0023553	0.0020805	0.01419	0	-0.31938	-0.39847	0.019083	-0.0033997	-0.0094046	-0.34962	-0.0063668	-0.0074634	-0.023155	-0.018996	0	0.025531	0.0087528	-0.13893	-0.022407	-0.00097017	0.013772	-0.012582	0.0038854	-0.0093825	-0.20952	1.0073	-0.0085766	0.31948	-0.44888	0.022304	-0.061699	-0.69336	-0.044415	-0.36793	-0.073871	-0.012162	
Deletion Peak  7 - CN values	6q16.2  	chr6:72215158-113652193(probes 619292:642936)      	chr6:99914150-100082811(probes 634734:634811)      	chr6:77391661-112853062(probes 622327:642397)      	0.0062004	  0.0084464		Actual Copy Change Given	0.036354	-0.019452	-0.1985	-0.019062	0.4657	-0.5493	0	-0.0031056	-0.66929	-0.059269	0.080591	0.0043238	-0.005261	-0.0023553	-0.0076613	-0.00013862	-0.53683	0.038206	-0.00041585	-0.84803	-0.0080244	-0.55126	0.077272	-0.00079562	-0.0099515	0	-0.5939	0.41563	0.0062481	-0.0084385	0.35675	0.31498	-0.0089906	-0.8409	-0.017666	-0.083333	-0.44545	-0.28548	-0.55528	-0.072808	-0.13589	-0.0068071	-0.0082755	0	-0.00097017	-0.23459	-0.0048461	-0.019637	0	-0.68396	-0.016154	-0.16447	0.14375	0.026795	-0.96143	-0.0049844	-0.0023553	0.03031	-0.0029091	-0.0060818	-0.5716	-0.73958	-0.0059333	0.0011093	-0.36352	0.24202	-0.015879	0.0022193	0.28345	-0.008803	-0.011473	-0.00798	0.0039448	-0.59158	-0.0023553	-0.67325	-0.35874	-0.016429	0.39723	0.21699	-0.60767	0.028903	-0.099502	-0.018444	
Deletion Peak  8 - CN values	6q22.1  	chr6:102069225-128884476(probes 635941:651316)    	chr6:116037296-116132897(probes 644239:644278)    	chr6:115988404-116322937(probes 644212:644383)    	0.11901	    0.17703		Actual Copy Change Given	0.036354	-0.019452	-0.1985	-0.019062	0.4657	-0.54381	0	-0.0031056	-0.66929	-0.66642	0.080591	0.0043238	-0.007551	-0.0023553	-0.0076613	-0.0030492	-0.03095	0.0056146	0.0034687	-0.8154	-0.0080244	-0.08803	0.077272	-0.00079562	-0.0099515	0	-0.60129	0.45683	0.0032844	-0.0084385	0.35528	-0.17259	-0.0089906	-0.82635	-0.017666	-0.09089	0.15621	-0.28548	-0.59651	-0.072808	-0.13173	-0.0068071	-0.0082755	-0.033436	-0.00097017	-0.24034	-0.0048461	-0.019637	0	-0.68396	-0.016154	-0.16447	0.14375	0.046275	-0.96143	-0.0049844	-0.0023553	0.036512	-0.0029091	-0.0060818	-0.041702	-0.72765	-0.0059333	0.0011093	-0.35943	0.24202	-0.015879	0.0022193	0.28345	-0.008803	-0.011473	-0.012162	0.0039448	-0.59158	-0.0023553	0.047552	-0.35874	-0.016429	0.39723	0.21699	-0.60931	0.00597	-0.091023	-0.020239	
Deletion Peak  9 - CN values	6q23.3  	chr6:1-170805979(probes 578903:677023)              	chr6:135848539-136198276(probes 656129:656417)    	chr6:136022125-136024657(probes 656274:656275)    	0.18874	    0.24343		Actual Copy Change Given	0.036354	-0.019452	-0.34148	-0.034768	0.4657	-0.54381	0	-0.0031056	-0.69848	-0.095162	0.080591	0.0043238	-0.0047097	-0.0023553	-0.0076613	-0.0030492	-0.56684	0.031801	-0.029584	-0.02151	-0.0080244	-0.094064	0.077272	-0.00079562	-0.0099515	0	-0.60129	0.45683	0.0032844	-0.0084385	0.35528	-0.15016	-0.0089906	-0.85475	-0.017666	-0.09089	0.15621	-0.28548	-0.55076	-0.072808	0.094056	0.003671	-0.0082755	-0.020687	-0.00097017	-0.092741	-0.0048461	-0.019637	-0.0028448	-0.68396	-0.016154	-0.16447	0.13834	-0.39564	-0.96143	-0.0049844	-0.0023553	0.036512	-0.0029091	-0.0060818	-0.042788	-0.011198	-0.0059333	0.0011093	-0.016017	0.24202	-0.015879	0.0022193	0.28345	-0.008803	-0.011473	-0.012162	0.0039448	-0.59158	-0.0023553	-0.06786	0.10586	-0.018245	0.38944	-0.47621	-0.29615	0.00597	-0.091023	-0.020239	
Deletion Peak 10 - CN values	6q25.3  	chr6:138158106-170805979(probes 657686:677023)    	chr6:155255198-155320028(probes 668575:668620)    	chr6:155288617-155291877(probes 668598:668599)    	0.067277	    0.09189		Actual Copy Change Given	-0.5942	-0.019452	-0.37786	0.021884	0.4657	0.32205	0	-0.0031056	-0.69848	-0.077611	0.11066	0.0043238	-0.55507	-0.0023553	-0.011611	0.029747	-0.55216	0.020623	-0.029584	-0.02151	-0.0080244	-0.0832	0.077272	-0.00079562	-0.0099515	0	-0.61249	0.4777	0.0076392	-0.0084385	0.40094	-0.16548	-0.0089906	0.012237	0.00027728	-0.09089	0.13206	-0.28311	-0.67073	-0.072808	0.094056	-0.0036881	-0.0082755	0.015168	-0.00097017	-0.014227	-0.0048461	-0.019637	-0.0028448	-0.68396	-0.016154	-0.16447	0.13764	0.019223	-0.9936	-0.0049844	-0.0023553	0.014238	-0.008919	-0.0060818	-0.010232	-0.00097017	-0.0059333	0.0011093	-0.016017	0.24202	-0.015879	0.0022193	0.2974	-0.008803	-0.011473	-0.012162	0.0039448	-0.58855	-0.0023553	0.30681	-0.38301	-0.0023553	0.42885	-0.47621	0.013074	0.033831	-0.091023	-0.020239	
Deletion Peak 11 - CN values	8p23.2  	chr8:2166023-6404670(probes 760521:762461)            	chr8:2926897-4996752(probes 760557:762059)            	chr8:1-8399570(probes 759723:763024)                   	2.3154e-05	  2.345e-05		Actual Copy Change Given	0.11534	-0.0069195	-0.51486	0.089127	-0.030404	-0.586	-0.73793	-0.00013862	-0.6992	-0.6578	-0.63622	-0.74313	0.03445	-0.16967	-0.25867	0.046984	-0.5294	0.023286	-1.2929	-0.86257	0.27505	0.53046	0.096491	0.00022009	0.00013863	0.0091705	0.0013868	-0.49319	-0.0016629	0.29867	-0.56495	-0.51342	-0.60786	0.036794	-0.789	0.81708	-0.33562	-0.88465	-0.05551	-0.59351	-0.47964	-0.0047527	-0.34435	0.70964	-0.71114	-0.71283	-0.73556	-0.7084	-0.60661	-0.68607	0.031449	-0.0048461	-0.32758	-0.02968	-1.0067	-0.17297	-0.0078863	-1.2929	-0.45715	-0.0029005	-0.89886	-0.78364	0.0012782	-0.52767	0.0065971	-0.0031859	0.81259	-0.16281	-1.1205	-0.011167	0.0051359	-0.82879	-0.11084	-1.215	0.0086135	-0.70505	-0.0045598	0.0076392	0.026192	-0.67784	-1.0495	-0.15106	-0.2128	0.018523	
Deletion Peak 12 - CN values	8p21.1  	chr8:27991975-28319570(probes 776375:776646)        	chr8:28088768-28198450(probes 776461:776528)        	chr8:28041178-28241305(probes 776423:776566)        	0.0040914	  0.0040914		Actual Copy Change Given	0.11534	-0.0069195	-0.83017	0.097542	-0.030404	-0.57021	-0.72607	-0.00013862	-0.6992	-0.6578	-0.62255	-0.74313	0.03445	-0.16967	-0.25524	0	-0.5294	0.023286	-0.66554	-0.82432	0.27505	0.54189	0.096491	0.00022009	0.00013863	0.0091705	0.0013868	-0.46153	-0.0016629	-0.51938	-0.529	-0.4678	-0.60786	0.0055616	-0.789	0.77945	0.38221	-0.88062	0.049246	-0.59136	-0.45896	-0.0047527	-0.34435	-0.69938	-0.71114	1.3722	-0.73556	-0.018676	-0.60661	-0.6783	0.023004	-0.0048461	-0.32758	-0.018902	-1.0078	0.1628	-0.58333	-0.72694	-0.44167	-0.0029005	-0.89886	-0.76911	0.0012782	-0.52767	0.0065971	-0.0031859	0.83137	-0.16281	-1.1043	-0.0037457	0.0051359	-0.82879	-0.11084	-1.2058	0.0086135	-0.64903	-0.0045598	0.0076392	0.026192	-0.67784	-0.97679	-0.15221	0.31498	0.018523	
Deletion Peak 13 - CN values	9p23    	chr9:7799607-10619051(probes 846959:848667)          	chr9:8310705-10619051(probes 847291:848667)          	chr9:9222893-9225462(probes 847980:847981)            	0.077272	    0.07333		Actual Copy Change Given	-0.54986	0.001895	0.42049	0.017824	0.47272	-0.53744	0.011245	-0.0016629	0.15711	-0.6772	0.14755	-0.009578	-0.53693	0	-0.25298	0.027216	-0.51774	0.038347	-0.01106	-0.0076101	0	-0.078411	-0.029617	0.0011454	0.0022193	-0.0026322	-0.0036308	0.54806	0.0058309	-0.30991	-0.57694	0.41262	0.98225	0.019923	0.00388	-0.48551	-0.43225	-0.56296	0.013964	0.10614	-0.15975	0.0053265	0.0037465	-0.70594	0.0012481	-0.026577	0.00091564	-0.55788	0.006109	-0.66328	0.0086135	0.0069435	-0.26379	-0.014366	-0.0045695	-0.0015243	-0.0022168	-0.0026322	0.0056919	0.0026443	0.012429	0.0076392	-0.0012172	0.015587	-0.0015243	-0.84187	-0.86121	0.001803	-0.34429	-0.0084448	0.0043715	0.0090068	0.0039448	-0.57627	0.27017	-0.4767	-0.0026225	0.011261	-0.50174	0.12579	0.34096	0.034395	-1.1089	0.004719	
Deletion Peak 14 - CN values	9p22.3  	chr9:14718857-15006535(probes 850732:850942)        	chr9:14731527-14911083(probes 850749:850917)        	chr9:14830273-14833402(probes 850834:850835)        	0.20227	     0.2245		Actual Copy Change Given	-0.54986	0.001895	0.24607	0.049114	0.47272	-0.53744	0.0078501	-0.0016629	0.15711	-0.6772	0.14755	-0.009578	-0.53693	0	-0.25298	0.027216	-0.51146	0.038347	-0.01106	-0.0076101	0	-0.078411	-0.029617	0.0011454	0.0022193	-0.0026322	-0.0036308	0.54806	0.0058309	-0.17044	-0.53815	0.41045	0.98225	0.019923	0.01419	-0.47633	-0.35988	-0.56296	0.094481	0.10614	-0.15975	0.0053265	0.0037465	-0.70594	0.0012481	-0.026577	0.00091564	-0.55788	0.006109	-0.66328	0.0086135	-0.16325	-0.26379	-0.014366	-0.0045695	-0.0015243	-0.0029091	-0.0026322	0.0056919	0.0026443	0.012429	0.0076392	-0.0012172	0.015587	-0.0015243	-0.6097	-0.89615	0.001803	-0.34429	-0.0084448	0.0043715	0.0090068	0.0039448	-0.57627	0.27017	-0.4767	-0.0026225	0.0096306	-0.50174	0.13197	0.37068	0.034395	-1.0769	0.004719	
Deletion Peak 15 - CN values	9p21.3  	chr9:21555228-22448738(probes 856200:856738)        	chr9:21959053-21997723(probes 856419:856432)        	chr9:21235195-27398545(probes 855965:859820)        	1.6047e-05	 1.8603e-05		Actual Copy Change Given	-0.54986	0.001895	0.24607	0.011679	0.47272	-0.54058	0.0078501	-0.0016629	0.15711	-0.67856	0.14755	-0.009578	-0.53693	0	-0.50069	0.027216	-0.51146	0.038347	-0.01106	-0.043331	0	-0.078411	-0.029617	0.0011454	0.0022193	-0.0026322	-0.0036308	0.50654	0.00076364	-0.65919	-0.53815	0.55496	0.98225	0.019923	0.01419	-0.47633	-0.35988	-0.56595	0.017182	0.10614	-0.15975	-1.2929	0.0037465	-0.70594	0.0012481	-0.026577	0.00091564	-0.55581	0.006109	-1.2929	0.0086135	-0.29627	-0.31045	-0.014366	-0.0045695	-0.0015243	-0.57999	-0.0026322	0.0056919	0.0026443	0.012429	0.0076392	-0.0012172	0.015587	-0.0015243	-1.2929	-0.8343	0.001803	-0.34429	0.0072155	0.0043715	0.0090068	0.0039448	-0.57627	0.27017	-0.47883	-0.0026225	0.0096306	-0.50174	0.13197	0.30985	0.034395	-1.0789	0.004719	
Deletion Peak 16 - CN values	10q23.31	chr10:85593973-100526765(probes 963659:972683)    	chr10:87817455-88993486(probes 964831:965722)      	chr10:86922799-100510564(probes 964530:972677)    	0.015432	   0.034442		Actual Copy Change Given	-0.50402	0.0054139	-0.038714	-0.02384	-0.016567	-0.55286	0.0012228	0.00055459	-0.685	-0.033814	-0.14773	-1.0216	-0.028081	0.00055459	-0.26745	-0.55005	-0.0073159	0.0020805	-0.037218	-0.005814	-0.00091672	0.38303	0.090299	0.0023254	-0.00055444	0.00083195	0.0020361	0.43108	-0.0030475	-0.0089906	-0.038714	0.049398	0.2697	-0.0035335	-0.041838	0.17694	0.09275	0.0068044	0.12092	-0.074544	0	0.0010222	0.004719	-0.010651	0.0041632	0.01461	0.011121	0.50197	0.0054139	0.016146	0.016985	0.15293	0.30799	-0.4023	-0.0026322	0	-0.0008316	-0.7055	0	-0.0030389	0.021323	-0.7317	-0.81853	0.014051	-0.00041585	-0.62217	0.0034687	0.0034687	0.0095883	0.006659	0.008892	0.01433	0.0022786	0.012341	-0.017529	-0.51331	0.003062	0.0077041	0.27658	0.15614	-0.055903	0.0027745	-0.53987	0.00458	
Deletion Peak 17 - CN values	10q25.1 	chr10:89592540-133797422(probes 966157:993965)    	chr10:107865970-111083326(probes 977189:979058)  	chr10:101589914-114057615(probes 973266:981274)  	0.036236	    0.11474		Actual Copy Change Given	-0.50092	0.0054139	0.023005	-0.81893	-0.016567	-0.55286	0.0012228	0.00055459	-0.68415	-0.65146	-0.13911	-0.012872	-0.028081	0.00055459	0.0019418	-0.55005	0.016286	0.0020805	-0.037898	0.7507	-0.00091672	0.38303	0.090299	0.0023254	-0.00055444	0.00083195	0.0020361	0.50342	-0.0030475	-0.0089906	-0.038714	0.0086135	-0.59195	-0.0035335	0.0062481	0.17694	-0.32182	0.0068044	-0.13925	-0.074544	-0.029175	0.0010222	0.004719	0.020343	0.012891	0.01461	0.011121	0.52865	0.0054139	-0.6667	0.016985	0.15293	0.30799	-0.4023	-0.0026322	0	-0.0008316	-0.7055	0	-0.0030389	0.02806	-0.0015243	0.019813	0.014051	-0.00041585	-0.61643	0.003191	0.0034687	0.022304	0.006659	-0.6916	0.01433	0.0022786	0.046098	-0.017529	-0.56386	0.003062	0.0077041	0.27658	0.1649	-0.055903	0.061794	-0.53987	0.00458	
Deletion Peak 18 - CN values	11p15.5 	chr11:1-534241(probes 993966:993985)                   	chr11:1-516519(probes 993966:993984)                   	chr11:1-549958(probes 993966:993987)                   	0.15523	    0.15523		Actual Copy Change Given	-0.21949	0.00097064	-0.47638	-0.75176	0.41781	0.33425	0.0092942	0.0026357	-0.69866	0.037641	-0.50681	0.070206	-0.4678	0.0029133	0.0080567	0.74613	-0.55005	-0.29638	-1.236	0.003191	-0.0054606	-0.007472	0.098381	0.00072928	0.0054139	-0.00057589	-0.0029622	0.092025	0.00027728	0.2287	-0.033132	0.010424	-0.28108	0.011539	0.0052749	0.47306	0	0.017963	-0.17272	-0.27762	0.037641	-0.01952	0.0056919	-0.64949	0.011539	0.016286	0.010211	-0.85916	0.0075	-0.38795	0.043723	0.0023581	0.016061	0.30898	0.0024969	0	-0.0049844	0.065226	0.014749	-0.0012387	0.031295	-0.0030475	0.005305	0.019363	-0.0022168	-0.22158	0.076279	-0.031905	-0.33168	0	0.0068044	0.006109	-0.0052019	0.41174	0.008892	-0.18798	-0.001099	0.0282	0.40906	-0.24837	-0.11561	0.1283	0.026654	0.012376	
Deletion Peak 19 - CN values	11q12.2 	chr11:50101779-61301885(probes 1024945:1027850)    	chr11:60455533-60547517(probes 1027377:1027418)    	chr11:56244857-61564159(probes 1024946:1027961)    	0.0094273	   0.041651		Actual Copy Change Given	-0.20076	0.00097064	0.22561	-0.7997	-0.062629	0.29803	-0.72102	0.0026357	-0.72509	0.0062481	0.028613	-0.72281	-0.21726	0.0029133	0.0015255	0.00041593	0.0098669	-0.29791	-0.034904	0.020483	-0.0054606	-0.065984	-0.50528	0.0036046	0.0054139	0.0027364	-0.0029622	0.063795	0.00027728	0.22947	-0.52522	-0.070269	-0.28382	-0.84851	0.0052749	-0.47849	0.017684	-0.037898	-0.58746	-0.25067	-0.017666	-0.0081111	0.0056919	-0.66087	-0.026441	0.04954	0.02377	2.4231	-0.60844	-0.6738	0.073115	-0.010508	-0.30775	0.34265	-0.0022001	0	0	-0.013677	-2.4224e-05	-0.0012387	0.021884	-0.011335	0.005305	0.019363	-0.0022168	0.22145	0.010285	0.0036076	-1.0848	0	0.0039271	0.006109	-0.0052019	0.011923	0.008892	0.161	-0.001099	0.0035448	-0.50394	-0.28291	-0.63112	0.085654	-0.020961	-0.91575	
Deletion Peak 20 - CN values	11q13.1 	chr11:12160914-69500286(probes 1000963:1030882)    	chr11:64817516-65903038(probes 1029463:1029467)    	chr11:62547075-65906791(probes 1028488:1029470)    	0.036474	    0.19321		Actual Copy Change Given	-0.20076	0.00097064	0.22561	-0.7997	0.46195	0.29803	-0.70649	0.0026357	-0.72509	0.0062481	0.028613	-0.74405	-0.21726	0.0029133	0.0015255	0.060936	0.0068326	-0.29791	1.0648	0.020483	-0.0054606	-0.016841	-0.50528	0.0014228	0.0054139	0.0027364	-0.0029622	0.063795	0.00027728	0.22947	-0.52522	-0.087977	-0.28382	-0.87104	0.0052749	-0.50339	0.017684	-0.02562	-0.96011	-0.25067	0.037076	-0.0081111	0.0056919	-0.67361	-0.026441	0.04954	0.02377	0.34659	-0.60844	-0.029038	0.073115	-0.010508	-0.31161	0.34265	-0.0022001	0	0	0.50516	-2.4224e-05	-0.0012387	0.077574	-0.062092	0.005305	-0.51146	-0.0022168	0.17136	0.064511	0.0036076	-0.71399	0	0.0039271	0.006109	-0.0052019	-0.50113	0.008892	0.161	-0.001099	0.0035448	-0.50394	-0.28291	-0.014228	0.15562	-0.020961	-0.91575	
Deletion Peak 21 - CN values	11q23.3 	chr11:99552405-130320725(probes 1048873:1069809)  	chr11:116634960-116857408(probes 1060015:1060171)	chr11:100019658-135086622(probes 1049238:1072294)	9.0458e-05	  0.0045438		Actual Copy Change Given	-0.20537	0.00097064	-0.76868	-0.81055	-0.081336	-0.55256	-0.72587	0.0026357	-0.69051	0.11242	-0.61902	-0.73908	0.0015255	0.0029133	-0.25576	-1.196	0.57952	-0.29791	-0.62245	-0.82146	-0.0041546	-0.081339	-0.52759	-0.0011805	-0.00032627	0.0027364	0.0012316	-0.42036	0.00027728	-0.27356	-0.52726	-0.44124	0.016885	-0.85242	0.013213	-0.48271	-0.4462	-0.56813	-0.64265	-0.27021	-0.015879	-0.0081111	0.0056919	-0.65193	-0.70514	0.0054145	0.014263	-0.56817	-0.59331	-0.67481	0.024829	-0.012546	0.018064	-0.039529	-0.99715	-0.16993	0	-0.016429	0.003191	-0.0012387	0.060222	-0.00055444	-0.090729	-0.52767	-0.0022168	0.21683	-0.0056757	-0.023977	-0.70997	0.0083288	0.0039271	0.006109	-0.0062029	-0.52351	0.008892	-0.6604	-0.001099	0.0035448	-0.48746	-0.28582	-0.95847	0.063509	-1.0875	-0.93688	
Deletion Peak 22 - CN values	11q25   	chr11:133844778-135086622(probes 1072163:1072294)	chr11:134245688-135086622(probes 1072281:1072294)	chr11:100019658-135086622(probes 1049238:1072294)	2.7596e-05	  0.0014345		Actual Copy Change Given	-0.21145	0.00097064	-0.76868	-0.81055	-0.086386	0.33496	-0.72587	0.0026357	-0.69667	-0.64189	-0.61902	-0.77302	0.0015255	0.0029133	0.017684	0.078582	0.57219	-0.29791	-0.64274	0.76619	-0.0041546	-0.067726	-0.52759	-0.0011805	0.0084743	0.0027364	-0.0033531	-0.46642	0.00027728	-0.27356	-0.54632	-0.46579	-0.35327	-0.87004	0.013213	-0.48271	-0.4462	0.042024	-0.69351	-0.27021	-0.015879	-0.0081111	0.0056919	-0.67811	-0.70514	0.0054145	0.014263	-0.56817	-0.59331	-0.67481	0.024829	0.0052749	0.018064	0.36969	-0.9873	-0.0015243	0	-0.016429	0.003191	-0.0012387	0.012516	-0.00055444	-0.036376	-0.52767	-0.0022168	0.21683	-0.0056757	-0.023977	-0.70997	0.0083288	0.0039271	0.006109	-0.0062029	-0.57242	0.008892	-1.0279	-0.001099	0.0035448	-0.48746	-0.32274	-1.079	0.063509	-1.1029	-0.93688	
Deletion Peak 23 - CN values	12p11.22	chr12:1-133275309(probes 1072295:1147361)           	chr12:29385322-29466767(probes 1089605:1089629)    	chr12:29412605-29417609(probes 1089618:1089619)    	0.25504	    0.24625		Actual Copy Change Given	-0.5422	-0.0094046	0.30314	0.015028	0.47049	0.31723	-0.0085896	-0.0037395	-0.6695	0.038771	0.15247	0.013038	0.46947	0.001803	-0.0008316	0.5585	-0.0092666	-0.28907	0.55762	-0.0087146	0.0041632	-0.079076	0.084175	-0.0016269	0.0015255	-0.0016629	-0.0019157	0.46536	-0.0034627	-0.48659	0.42435	0.21345	-0.60431	0.0049969	-0.012989	0.64653	0.79007	0.01271	-0.078505	-0.0018014	-0.21627	-0.0065918	0.0038854	0.0073609	0.0022193	0.02806	-0.0038779	0.49573	-0.0009228	-0.0067813	-0.57592	-0.057924	-0.32119	0.021183	0.010006	-0.0049243	0.00083195	-0.69884	0	-0.029007	-0.0026322	0.00027728	-0.0028388	0.0070156	0.0076403	0.71189	-0.020115	0.00041593	0.0012481	-0.0044049	0	0.004719	0.0021398	0.010389	-0.0070576	0.14593	-0.011326	-0.0073339	-0.055403	0.14102	-0.05037	0.022858	0.47886	-0.0008316	
Deletion Peak 24 - CN values	12q23.1 	chr12:82682953-133275309(probes 1118047:1147361)  	chr12:100064629-100150050(probes 1128792:1128819)	chr12:100081262-100150050(probes 1128798:1128819)	0.036236	   0.034726		Actual Copy Change Given	-0.52738	-0.0094046	-0.46174	0.023005	0.47049	0.30585	0.00012315	-0.0037395	-0.45661	-0.0067813	0.16864	0.02353	0.0037465	0.001803	0.0054394	-0.5794	-0.0030475	-0.29497	0.55797	0.0013868	-0.41882	-0.07881	0.078582	0.0023941	0	-0.0016629	0.0011093	-0.4911	-0.0034627	0.20779	0.39629	-0.23606	-0.27691	0.0016642	-0.012989	0.63353	-0.19337	-0.0022168	0.065789	0	-0.21627	-0.0065918	0.0038854	-0.010922	-0.70316	0.02806	-0.0038779	0.50093	-0.0009228	-0.0067813	-0.57684	-0.057924	-0.0079658	-0.018615	-0.00037054	-0.0049243	0.00083195	0.011121	0.00013863	-0.27355	-0.019177	0.0013868	-0.0026022	0.0090312	0.0076403	0.10155	-0.013677	0.00041593	0.015308	-0.0044049	-0.69703	-0.015191	-0.0029884	0.014854	0.012694	-0.017941	-0.0084288	-0.0073339	-0.51118	-0.28644	-0.37166	0.033972	0.47594	-0.0008316	
Deletion Peak 25 - CN values	13q11   	chr13:1-19009522(probes 1147362:1147439)           	chr13:1-18938816(probes 1147362:1147392)           	chr13:1-19533596(probes 1147362:1147720)           	0.0028724	   0.016432		Actual Copy Change Given	-0.43215	-0.0076101	-0.46653	-0.82603	-0.023018	-0.56077	-0.018584	-0.0099565	0.14221	0.023566	0.0027654	-0.74718	0.00458	-0.0036011	-0.0016629	-0.56047	0.069669	-0.3217	-0.6235	-0.78538	-0.013677	-0.084661	-0.043769	0.00031328	-0.33699	0.0011093	0.0013228	-0.47385	-0.037082	-0.26877	0.40227	-0.41058	-1.2338	0.0054139	0.012376	-0.48754	-0.43594	-0.003343	-0.36878	-0.43626	0.17377	-0.011422	0.0022193	0.057653	0.0024969	-0.0080238	-0.0041546	0.50576	0.0019418	-1.2929	0.010982	-0.00027724	0.016341	-0.3904	-0.00055444	-0.0047079	-0.0078234	-0.70693	-0.0024938	-0.2972	0.0020805	-0.0084385	-0.0079944	-0.52961	0.0049969	0.20183	-0.0033243	-0.0018014	-0.70988	0.0013805	0.0080567	0.025531	0.00033654	-0.57647	-0.0057733	-0.65043	-0.046709	-0.0078863	0.40289	-0.23997	-0.029857	-0.032178	0.074552	-0.92759	
Deletion Peak 26 - CN values	13q12.12	chr13:1-38350733(probes 1147362:1159795)           	chr13:24160004-24163081(probes 1150008:1150009)    	chr13:22171964-24684705(probes 1148938:1150241)    	0.026396	    0.16586		Actual Copy Change Given	-0.43215	-0.0076101	-0.46653	-0.82603	-0.023018	-0.56077	0.02355	-0.0099565	0.14221	-0.68779	0.0027654	-0.74718	0.00458	-0.0036011	-0.0016629	-0.56047	0.069669	0.19223	-0.62236	-0.82497	-0.013677	-0.084661	-0.043769	0.00031328	-0.33699	0.0011093	0.0013228	-0.47385	-0.037082	0.67215	0.40227	-0.41058	-0.29201	0.0054139	0.012376	-0.48754	-0.93939	0.013492	0.012645	-0.43626	0.17377	-0.011422	0.0022193	0.022529	0.0024969	-0.0080238	-0.0041546	0.50576	0.0019418	0.055515	0.010982	-0.00027724	0.0088631	-0.3904	-0.00055444	-0.0047079	-0.0078234	-0.70693	-0.0024938	-0.2972	0.0020805	-0.0084385	-0.0079944	-0.52961	0.0049969	0.20183	-0.0033243	-0.0018014	-0.70988	0.0013805	-0.004588	0.025531	0.00033654	-0.57647	-0.0057733	-0.6642	-0.066242	-0.0078863	0.40289	-0.23997	0.080312	-0.032178	-0.22404	-0.92759	
Deletion Peak 27 - CN values	13q14.2 	chr13:33965855-59779246(probes 1156833:1171638)    	chr13:49493111-49692065(probes 1167110:1167222)    	chr13:34004197-59753792(probes 1156859:1171623)    	0.0040882	  0.0040914		Actual Copy Change Given	-0.43215	-0.0076101	-0.45971	-0.84371	-0.023018	0.30761	0.00038912	-0.51178	-0.63812	-0.6783	0	-0.72978	0.09217	-0.0036011	-0.0016629	-0.56047	0.059872	-0.93188	-0.61806	-0.012989	-0.013677	-0.084661	-0.056685	0.00031328	-0.33699	0.0011093	0.0013228	-0.48428	-0.037082	0.674	0.33561	-0.41058	-1.2552	0.0054139	-0.016154	-0.45608	-0.49078	-0.5721	-0.051679	-0.47226	0.22715	-0.011422	0.0022193	0.022529	0.0024969	-0.55967	-0.0041546	0.50576	0.0019418	-0.66309	-0.012851	-0.00027724	-0.62499	-0.3904	-0.00055444	-0.0047079	-0.0078234	-0.67297	-0.0024938	-0.2972	0.0020805	-0.0084385	-0.0079944	-0.52961	0.0049969	0.20183	-0.0033243	-0.0018014	-0.70988	0.0013805	-0.004588	-0.0027707	0.00033654	-0.58914	-0.0057733	-0.66642	-0.066242	-0.0078863	0.37936	-0.23997	0.17257	-0.058462	-0.22907	-0.92704	
Deletion Peak 28 - CN values	14q24.2 	chr14:58114361-107043718(probes 1226173:1255325)  	chr14:70357138-70425996(probes 1233468:1233491)    	chr14:70384219-70386285(probes 1233480:1233481)    	0.17843	    0.17703		Actual Copy Change Given	-0.22122	0.0026357	-0.14482	0.025952	-0.01037	-0.53865	-0.0012618	-0.53571	0.14125	-0.6509	0.77501	0.091988	0.011054	-0.00013862	0.00458	0.055373	-0.53875	-0.63102	-0.62322	0.0065262	0.0055512	0.58112	0.091658	-0.0017654	-0.0017932	0.001803	-0.0012473	0.53309	-0.0020784	0.18692	-0.044009	-0.40595	0.55266	0.00055459	0.00058609	0.025952	-0.43116	-0.2775	-0.0043027	0.044715	0.016985	0.70896	-0.00055444	-0.6783	0.00025358	-0.057788	0.004719	0.51031	0.01447	-0.66926	0.012795	-0.061823	-0.3094	0.39595	0.0093098	0	0.0038854	-0.71328	0.0044411	0.0044497	0.00013863	-0.0018014	-0.0052823	-0.24885	0.0020805	-0.44005	0.049256	0.0070826	-0.33664	0.0011316	0.0044411	0	0.0015848	0.028165	0.0090312	-0.65603	-0.00040608	0.0072217	-0.50404	-0.26973	-0.30216	0.39048	-0.5539	0.0020805	
Deletion Peak 29 - CN values	15q13.1 	chr15:1-71120373(probes 1255326:1282922)           	chr15:27853979-30842698(probes 1258071:1258087)    	chr15:26533321-44290721(probes 1257145:1265757)    	0.0051942	    0.17703		Actual Copy Change Given	0.097235	0.013911	-0.039258	-0.036538	-0.018255	-0.54199	-1.548e-05	-0.0037395	0.1437	-0.66022	-0.53704	-0.71	-0.0027707	-0.056846	0.013074	-0.54118	0.55124	-0.31342	-0.63188	0.017264	-0.48008	0.42267	0.11049	-0.095111	0.0030522	-0.0073339	0	-0.47438	-0.008978	-0.26709	0	-0.38973	0.10337	0.015447	0.058795	-0.47416	-0.44792	-0.26095	0.017618	0.10804	-0.042381	-0.74077	-0.33572	0.061651	0.017963	-0.0045276	0.016006	-0.58484	0.0087528	0.022725	0.043015	0.00083195	-0.30893	-0.034631	-0.023703	0.001803	0.00597	-0.71586	0.0034687	0.0097363	0.055373	-0.0040162	-0.0012172	0.03031	0.28533	0.247	0.81895	-0.011887	0.031577	0.010697	0.013074	0.015028	-0.20131	0.036053	0.016425	-0.29579	-0.018069	0.025531	-0.49914	-0.42691	-0.052368	-0.73055	0.21422	0.0072217	
Deletion Peak 30 - CN values	15q14   	chr15:30988094-44290687(probes 1258176:1265756)    	chr15:39244914-40475539(probes 1263312:1264037)    	chr15:26533321-44290721(probes 1257145:1265757)    	0.0010835	   0.019575		Actual Copy Change Given	0.097235	0.013911	-0.039258	-0.057385	-0.018255	-0.54199	-1.548e-05	-0.0037395	0.1437	-0.66022	-0.57022	-0.71	-0.0027707	-0.056846	0.013074	-0.54118	0.55124	-0.31342	-0.63188	0.017264	-0.48008	0.42267	0.11049	-0.095111	0.0030522	-0.0073339	0	-0.44251	-0.008978	-0.26709	0	-0.42222	0.10337	0.015447	0.01143	-0.47416	-0.22711	-0.26095	-0.031609	0.10804	0.023566	-0.74077	-0.33572	-0.68269	-0.039937	-0.0045276	0.025779	-0.013864	0.0087528	0.021183	0.043015	0.00083195	-0.31069	-0.034631	-0.97611	0.001803	0.00597	-0.71586	0.0034687	0.0097363	0.055373	-0.0040162	-0.0012172	0.03031	0.28533	-0.62035	0.90472	-0.011887	0.031577	0.010697	0.013074	0.015028	-0.20131	0.036053	0.016425	-0.29579	-0.018069	0.025531	-0.49914	-0.68205	-0.052368	-0.73055	0.21422	0.0072217	
Deletion Peak 31 - CN values	15q24.2 	chr15:55825978-101991189(probes 1272939:1300573)  	chr15:76174120-76186029(probes 1285555:1285562)    	chr15:76112119-76213564(probes 1285515:1285587)    	0.1842	    0.19321		Actual Copy Change Given	-0.50381	0.013911	-0.12056	-0.04048	-0.0063668	0.36854	-1.548e-05	-0.0037395	0.048262	0.6513	-0.22602	-1.2929	-0.0069195	0.0052749	0.059223	-0.54118	-0.51918	-0.31342	-0.051144	0.026514	0.013492	0.46529	0.11049	0	0.014609	-0.0073339	0	-0.41377	-0.008978	-0.26649	0	-0.42222	0.1076	0.015447	0.01143	-0.47416	-0.22711	-0.27535	0.0065163	-0.0092666	0.012167	0.0051875	-0.33572	0.086377	-0.0043891	0.0018036	0.025779	-0.013864	0.0087528	0.021183	0.043015	0.00083195	-0.31162	-0.034631	-0.00027724	0.001803	0.00597	-0.017803	0.0034687	-0.25042	0.087969	-0.0040162	-0.0012172	0.03031	0.28533	-0.19887	0.88735	-0.011887	-0.32948	0.010697	0.013074	0.015028	-0.20131	0.066193	0.016425	1.5347	-0.018069	0.021918	-0.021138	0.12314	0.80111	-0.73055	0.21422	0.0072217	
Deletion Peak 32 - CN values	17q21.2 	chr17:21774058-46764264(probes 1352128:1360527)    	chr17:41436286-41441930(probes 1358655:1358665)    	chr17:41438428-41441268(probes 1358661:1358662)    	0.19846	    0.19993		Actual Copy Change Given	-0.47998	0.003191	0.83353	-0.77914	-0.0024678	0.38485	0.59672	-0.020138	0.80461	0.65295	-0.48376	0.11444	-0.52645	0.006109	0.0027745	-0.5201	-0.50712	0.23783	-0.59526	0.057083	0.0072596	0.013074	0.0099734	-0.0090859	-0.31449	-0.00097017	-0.0047079	-0.41487	-0.01757	0.24156	-0.021975	-0.22564	-0.58432	-0.019863	0.017544	0.44816	0.77964	-0.051721	-0.048622	0.037924	-0.20324	-0.013902	0.012795	0.78273	-0.0091286	0.051571	0.098124	-0.026996	0.0063871	0.05281	-0.54088	-0.17221	-0.12364	-0.43246	0.010285	-0.0027707	0.0070826	0.57541	0.011958	-0.28012	0.10089	-0.062092	0.018737	-0.5097	-0.0069195	0.45071	0.078438	0.008096	0.33011	0.018097	0.019223	0.010146	0.37486	-0.50932	0.019783	0.20366	-0.036528	-0.46972	0.32765	-0.27128	-0.21193	-0.18113	0.46741	0.0024969	
Deletion Peak 33 - CN values	17q25.1 	chr17:67742711-83257441(probes 1372247:1379980)    	chr17:75454145-75511784(probes 1376835:1376856)    	chr17:75459848-75483796(probes 1376838:1376849)    	0.16851	    0.16586		Actual Copy Change Given	1.1784	0.003191	-0.47807	0.12904	-0.0024678	0.32431	1.2162	-0.020138	0.80305	2.1097	-0.61394	0.13387	0.019083	0.006109	0.51577	-0.53531	-0.0094046	0.20626	0.57451	0.040185	-0.55917	0.013772	0	-0.0090859	-0.32263	-0.00097017	-0.0047079	-1.2929	-0.01757	0.48027	-0.042788	0.51385	2.4546	-0.011887	0.013046	0.44816	1.7243	2.2663	-0.3153	0.093621	-0.20324	-0.013902	0.012795	0.074984	-0.72597	0.042131	0.098124	-0.021147	0.0063871	0.05281	-0.54088	-0.005261	-0.12364	-0.43246	0.010285	-0.0027707	0.0070826	-0.011611	0.011958	-0.28012	0.10016	0.67215	0.018737	-0.51172	-0.0069195	-0.45361	0.12285	0.008096	0.34047	0.018097	0.019223	0.010146	-0.20443	-0.51182	0.019783	1.1169	-0.036528	-0.46972	0.35703	-0.26384	0.2484	-0.15911	0.51612	0.0055529	
Deletion Peak 34 - CN values	19p13.3 	chr19:970775-3363202(probes 1423500:1424154)          	chr19:1204476-1676419(probes 1423577:1423673)        	chr19:468403-4301847(probes 1423444:1424386)          	0.01103	   0.011645		Actual Copy Change Given	-0.27632	-0.0053142	0.37117	0.098706	0.011958	-0.59828	-0.010248	-0.039242	-0.014916	-0.0076243	-0.60951	0.097689	0	0.0054139	0.0051359	-0.5129	0.57469	-0.050506	-0.051316	0.063223	0.28248	0.044715	0.11078	0.085403	0.015028	-0.0016629	-0.014003	0.17966	-0.016017	-0.25745	0.45241	-0.43659	0.016286	0.018383	0.029184	-0.26011	0.00597	-0.10657	-0.17677	0.051245	0.057511	0.61259	0.004719	0.073546	-0.026577	-0.23618	0.041317	0.28844	-0.00027724	-0.005814	0.083776	-0.033148	-0.31431	0.32286	-0.05469	-0.15528	0.0029133	-0.7123	0.018243	0.0037551	0.1155	0.55921	-0.0075801	-0.49005	-0.0090142	-0.67049	0.12064	0.0051359	-0.3153	0.022578	0.027778	0.0054139	0.0061684	-0.45675	0.022304	-0.31657	-0.054489	0.024969	-0.53929	-0.29969	-0.96244	-0.20846	-0.00041585	0.01419	
Deletion Peak 35 - CN values	19q13.32	chr19:39709275-49436873(probes 1440004:1444122)    	chr19:45464894-46235735(probes 1442449:1442761)    	chr19:43742184-46279348(probes 1441525:1442781)    	0.17262	    0.17703		Actual Copy Change Given	-0.22171	0	0.054945	0.098706	0.011958	0.2719	-0.010248	-0.0084385	0.023987	0.0088608	-0.17968	0.12915	0	0.0054139	0.0086135	0.060794	-0.030677	-0.038714	-1.184	0.063223	0.28248	0.021183	0.11078	0.085403	0.015028	-0.0016629	-0.0080244	0.57952	-0.016017	0.19893	0.45241	-0.43637	-0.17196	-0.030677	0.013952	-0.26011	-0.43626	-0.041567	-0.04463	0.065226	0.052525	0.62667	0.004719	0.073546	0.43969	-0.52961	0.041317	0.30436	-0.00027724	-0.64415	0.083776	-0.015466	0.21982	0.32286	-0.059807	0.0063871	0.0029133	-0.71051	0.018243	0.0037551	-0.012851	0.60196	-0.0075801	0.075703	-0.0090142	0.48303	0.090865	0.0051359	-0.3153	0.017927	0.027778	0.0054139	0.0061684	-0.48851	0.023815	-0.29047	-0.037616	0.50724	0.36308	1.0099	0.49182	-0.20846	-0.00041585	0.01419	
Deletion Peak 36 - CN values	22q12.3 	chr22:36022233-36320268(probes 1516052:1516127)    	chr22:36137738-36209087(probes 1516100:1516114)    	chr22:36131815-36204794(probes 1516097:1516112)    	0.088821	    0.15523		Actual Copy Change Given	-0.4909	-0.0123	0.31562	-0.77888	-0.0016426	-0.5744	-0.72244	-0.015741	0.053491	-0.63093	-0.20262	-0.69733	0.031436	0.0070826	0.0072217	-0.52184	-0.54391	-0.32193	-0.63887	0.82902	-0.018078	0	-0.49569	-0.09469	0.029044	-0.006505	-0.61806	-0.40517	-0.016429	-0.2744	-0.081871	-0.40241	-0.01354	0.04344	0.048404	-0.49454	-0.42014	-0.32379	-1.2929	0.059223	-0.01354	-0.014886	-0.33225	-0.64424	-0.037898	-0.69703	-0.24046	-0.57322	0.025671	-0.66975	-0.52534	-0.012851	-0.2987	-0.45544	-0.017391	-0.15694	0.0069435	0.055943	-0.38672	0.014199	-0.84531	-0.011335	-0.010616	-0.5066	-0.039529	-0.21305	0.060508	-0.013402	-0.70046	0.026227	-0.66077	-0.85718	-0.0076892	-0.46942	-0.24204	-0.67269	-0.5067	0.045141	-0.51715	0.15203	-0.0030475	-0.70172	-0.55357	0.020623	
Deletion Peak 37 - CN values	22q13.32	chr22:48272949-48780733(probes 1523414:1523867)    	chr22:48573902-48757469(probes 1523702:1523829)    	chr22:40507027-50818468(probes 1518220:1523951)    	3.7381e-06	 4.4887e-06		Actual Copy Change Given	-0.090641	0.049398	0.28935	-0.77888	-0.040686	-0.5744	-0.41883	-0.015741	0.1789	-0.58569	-0.8117	-0.69733	0.031436	0.0070826	0.0072217	-1.2171	-0.51692	-0.32193	-0.64565	0.82431	-0.018078	0	-0.48903	-0.09469	0.029044	-0.006505	-0.61806	-0.41093	-0.016429	-0.2744	-0.0067813	-0.48123	-0.59302	0.035806	0.050392	-0.49454	-0.90153	-0.25491	-0.0056855	0.11829	-0.041974	0.011731	-0.34272	-0.64424	0.019643	-0.71755	-0.24227	-0.59071	0.025671	-0.66975	-0.54305	-0.023933	-0.30764	-0.45544	-0.017391	0.013772	0.0069435	0.023706	-0.38672	0.014199	-0.89204	-0.019314	-0.010616	-0.5066	-0.039529	-0.22194	0.036229	-0.013402	-0.69124	0.026227	-0.66077	-0.85595	-0.0076892	-0.48452	-0.24204	-0.65463	-0.5067	0.045141	-0.48155	0.14491	-0.27069	-0.70172	-0.55357	0.020623	
